timestamp,open,high,low,close,volume
2019-06-18 11:25:00,181.2600,181.7000,181.2500,181.4200,33318
2019-06-18 11:20:00,181.3500,181.5800,181.2300,181.2300,19396
2019-06-18 11:15:00,181.5300,181.6300,181.3700,181.3900,24528
2019-06-18 11:10:00,181.0800,181.6000,181.0800,181.3300,22848
2019-06-18 11:05:00,181.3200,181.5300,181.0822,181.0822,32898
2019-06-18 11:00:00,181.6600,181.7700,181.2941,181.2941,20106
2019-06-18 10:55:00,181.6760,181.6760,181.2500,181.6300,22973
2019-06-18 10:50:00,181.6528,181.8500,181.3600,181.6700,35145
2019-06-18 10:45:00,181.5500,181.8200,181.5500,181.6300,24928
2019-06-18 10:40:00,181.3550,181.8000,181.3500,181.5500,23909
2019-06-18 10:35:00,181.2900,181.5100,181.2900,181.3924,26311
2019-06-18 10:30:00,180.9750,181.2800,180.9100,181.2560,40371
2019-06-18 10:25:00,181.1400,181.1700,180.9500,181.0000,35091
2019-06-18 10:20:00,181.2152,181.2700,180.9618,181.0000,24298
2019-06-18 10:15:00,181.4700,181.5608,181.3300,181.4950,52637
2019-06-18 10:10:00,181.8300,181.9100,181.4750,181.5350,28363
2019-06-18 10:05:00,181.8300,182.2800,181.7600,182.2800,60191
2019-06-18 10:00:00,182.3600,182.8000,181.6100,182.0100,54565
2019-06-18 09:55:00,182.7500,182.8200,182.2300,182.3540,66030
2019-06-18 09:50:00,182.2000,182.7200,182.2000,182.6850,77044
2019-06-18 09:45:00,180.9700,182.6000,180.8300,182.1450,79538
2019-06-18 09:40:00,180.2600,181.2000,180.0900,180.9500,84576
2019-06-18 09:35:00,179.2700,180.2780,179.1200,180.2600,44816
2019-06-17 16:00:00,178.2200,178.4300,178.2200,178.3400,78525
2019-06-17 15:55:00,178.2200,178.3354,178.0100,178.2100,51763
2019-06-17 15:50:00,178.0900,178.3500,178.0700,178.2400,37389
2019-06-17 15:45:00,178.1200,178.1600,178.0000,178.1000,34233
2019-06-17 15:40:00,178.2050,178.2430,178.0900,178.1371,26597
2019-06-17 15:35:00,178.3400,178.3650,178.1000,178.2100,28865
2019-06-17 15:30:00,178.2700,178.4100,178.1600,178.3200,34633
2019-06-17 15:25:00,178.2700,178.3600,178.2000,178.2700,28388
2019-06-17 15:20:00,178.2500,178.3500,178.2250,178.2800,30137
2019-06-17 15:15:00,178.1750,178.2906,178.1700,178.2500,26815
2019-06-17 15:10:00,178.0250,178.1700,178.0250,178.1700,10992
2019-06-17 15:05:00,178.0300,178.1200,177.9200,178.0300,23569
2019-06-17 15:00:00,177.8800,178.0500,177.8800,178.0100,18490
2019-06-17 14:55:00,178.1100,178.1100,177.8500,177.8700,16566
2019-06-17 14:50:00,178.1000,178.1800,178.0434,178.1500,12720
2019-06-17 14:45:00,178.1200,178.1900,178.0200,178.1400,12332
2019-06-17 14:40:00,177.9686,178.1200,177.9686,178.1000,23743
2019-06-17 14:35:00,177.9900,178.0200,177.8900,177.9700,18317
2019-06-17 14:30:00,178.2496,178.2496,178.0100,178.0500,9611
2019-06-17 14:25:00,178.2399,178.3200,178.2200,178.2400,11222
2019-06-17 14:20:00,178.0533,178.2500,178.0500,178.2300,8805
2019-06-17 14:15:00,178.0600,178.0900,178.0100,178.0500,11065
2019-06-17 14:10:00,178.1900,178.1900,178.0300,178.0702,22240
2019-06-17 14:05:00,178.1100,178.2500,178.0700,178.2000,11882
2019-06-17 14:00:00,178.1000,178.1600,178.0700,178.1000,8128
2019-06-17 13:55:00,177.9934,178.1600,177.9934,178.1600,8574
2019-06-17 13:50:00,178.1000,178.1100,177.9800,177.9800,6857
2019-06-17 13:45:00,178.0627,178.1200,177.9500,178.0600,17410
2019-06-17 13:40:00,178.0200,178.1400,177.9700,178.0800,9169
2019-06-17 13:35:00,178.0100,178.0400,177.8800,178.0100,10014
2019-06-17 13:30:00,178.1400,178.1400,177.9400,178.0400,15178
2019-06-17 13:25:00,178.1100,178.1700,178.0450,178.1670,9949
2019-06-17 13:20:00,178.0200,178.1200,178.0100,178.1200,4177
2019-06-17 13:15:00,177.9100,177.9950,177.8800,177.9950,7543
2019-06-17 13:10:00,178.0500,178.0757,177.8800,177.8800,11826
2019-06-17 13:05:00,177.8429,178.0500,177.7800,178.0100,16668
2019-06-17 13:00:00,177.9548,177.9700,177.8500,177.8500,10578
2019-06-17 12:55:00,178.0500,178.0600,177.8600,177.8940,22228
2019-06-17 12:50:00,177.9500,178.0300,177.9000,178.0300,6865
2019-06-17 12:45:00,178.0600,178.1200,177.9600,177.9764,8013
2019-06-17 12:40:00,177.9600,178.1197,177.9600,178.0500,9795
2019-06-17 12:35:00,177.9500,178.0200,177.9250,177.9800,11234
2019-06-17 12:30:00,177.8700,177.9600,177.8700,177.9600,9121
2019-06-17 12:25:00,177.7800,177.8500,177.7400,177.8500,5905
2019-06-17 12:20:00,177.6902,177.7900,177.6200,177.7900,12777
2019-06-17 12:15:00,177.6489,177.8200,177.6100,177.8200,9548
2019-06-17 12:10:00,177.8700,177.8700,177.6450,177.6450,14443
2019-06-17 12:05:00,178.2100,178.2500,177.9900,177.9900,11589
2019-06-17 12:00:00,178.1500,178.3300,178.0900,178.1900,12687
2019-06-17 11:55:00,178.2500,178.3500,178.1400,178.1850,11431
2019-06-17 11:50:00,178.1400,178.2100,178.0500,178.2000,12753
2019-06-17 11:45:00,178.1300,178.1782,178.0100,178.1500,10314
2019-06-17 11:40:00,177.9700,178.2400,177.9350,178.1300,9307
2019-06-17 11:35:00,178.0000,178.1800,177.9000,178.0600,11777
2019-06-17 11:30:00,178.2900,178.2900,177.8700,177.9900,13993
2019-06-17 11:25:00,178.3670,178.4000,178.2100,178.2900,13940
2019-06-17 11:20:00,178.1100,178.4199,178.1100,178.4199,9058
2019-06-17 11:15:00,178.2300,178.4300,178.0600,178.0600,21204
2019-06-17 11:10:00,178.4849,178.4849,178.2200,178.2600,15642
2019-06-17 11:05:00,178.3950,178.5500,178.3400,178.4510,24691
2019-06-17 11:00:00,178.3100,178.4500,178.2228,178.3900,33052
2019-06-17 10:55:00,178.3600,178.4700,178.1000,178.3400,17575
2019-06-17 10:50:00,178.3297,178.4000,178.0106,178.3852,18942
2019-06-17 10:45:00,177.8900,178.4000,177.8900,178.3000,38743
2019-06-17 10:40:00,177.8600,178.2200,177.8600,177.9400,29853
2019-06-17 10:35:00,177.7900,177.9300,177.7400,177.8500,16360
2019-06-17 10:30:00,177.7125,177.8600,177.6300,177.8200,15031
2019-06-17 10:25:00,177.4238,177.7500,177.4000,177.7500,11510
2019-06-17 10:20:00,177.6700,177.7400,177.4300,177.4600,23930
2019-06-17 10:15:00,177.4800,177.6600,177.4800,177.6400,27948
2019-06-17 10:10:00,177.3615,177.7300,177.2900,177.6593,10953
2019-06-17 10:05:00,176.7100,177.2900,176.5700,177.2700,13712
2019-06-17 10:00:00,176.8400,177.0700,176.5611,176.6500,14803
2019-06-17 09:55:00,176.1600,176.8400,176.1600,176.8265,16006
2019-06-17 09:50:00,175.9604,176.2500,175.8400,176.1700,14002
2019-06-17 09:45:00,176.3100,176.4000,175.4000,175.7000,28831
2019-06-17 09:40:00,176.9500,177.2000,176.2900,176.3100,30856
2019-06-17 09:35:00,176.0400,176.9100,176.0300,176.9100,0
2019-06-14 16:00:00,176.2000,176.2000,175.5500,176.0900,146305
2019-06-14 15:55:00,176.1200,176.3000,176.0700,176.2400,56005
2019-06-14 15:50:00,176.5500,176.5500,176.1000,176.1450,42290
2019-06-14 15:45:00,176.6800,176.6900,176.5100,176.5500,20698
2019-06-14 15:40:00,176.8000,176.8600,176.7000,176.7000,20997
2019-06-14 15:35:00,176.8250,176.8440,176.6800,176.8200,18943
2019-06-14 15:30:00,176.8750,176.8750,176.7300,176.8250,20202
2019-06-14 15:25:00,176.6000,176.9350,176.5827,176.8750,23816
2019-06-14 15:20:00,176.5500,176.7900,176.5500,176.5700,21915
2019-06-14 15:15:00,176.4100,176.5900,176.3350,176.5900,17531
2019-06-14 15:10:00,176.2700,176.4300,176.2700,176.4100,7613
2019-06-14 15:05:00,176.2400,176.3300,176.1600,176.2700,19123
2019-06-14 15:00:00,176.2500,176.2700,176.2100,176.2450,8203
2019-06-14 14:55:00,176.2600,176.3100,176.2000,176.2500,12707
2019-06-14 14:50:00,176.3400,176.3500,176.2100,176.2500,9899
2019-06-14 14:45:00,176.3200,176.3250,176.1600,176.2900,10437
2019-06-14 14:40:00,176.2600,176.3700,176.2000,176.3700,11525
2019-06-14 14:35:00,176.1200,176.2600,176.1200,176.2400,9599
2019-06-14 14:30:00,176.0400,176.1800,175.9800,176.1800,13199
2019-06-14 14:25:00,176.3000,176.3000,176.0700,176.0700,13228
2019-06-14 14:20:00,176.1362,176.3500,176.1201,176.2800,12516
2019-06-14 14:15:00,176.2100,176.2600,176.1200,176.1200,10469
2019-06-14 14:10:00,176.3300,176.3300,176.1500,176.2000,7901
2019-06-14 14:05:00,176.3200,176.3700,176.2800,176.3008,7745
2019-06-14 14:00:00,176.3300,176.3400,176.2400,176.2600,10409
2019-06-14 13:55:00,176.3000,176.3300,176.1990,176.3300,8870
2019-06-14 13:50:00,176.4100,176.4109,176.2588,176.2650,11179
2019-06-14 13:45:00,176.5300,176.5900,176.3600,176.3600,13572
2019-06-14 13:40:00,176.2950,176.5800,176.2400,176.5500,26064
2019-06-14 13:35:00,176.4600,176.4700,176.2900,176.3000,13229
2019-06-14 13:30:00,176.5300,176.5900,176.4450,176.5000,8260
2019-06-14 13:25:00,176.4500,176.5600,176.4300,176.5600,10466
2019-06-14 13:20:00,176.5700,176.5800,176.4300,176.4700,9146
2019-06-14 13:15:00,176.6481,176.6500,176.4800,176.5700,12043
2019-06-14 13:10:00,176.6400,176.7300,176.6000,176.6600,11499
2019-06-14 13:05:00,176.6700,176.7200,176.6400,176.6900,3163
2019-06-14 13:00:00,176.6300,176.7390,176.5910,176.7000,11576
2019-06-14 12:55:00,176.6458,176.6800,176.5938,176.6550,3791
2019-06-14 12:50:00,176.6300,176.6700,176.5601,176.6600,15209
2019-06-14 12:45:00,176.7200,176.7700,176.5500,176.6300,10898
2019-06-14 12:40:00,176.6600,176.7400,176.6550,176.7250,5248
2019-06-14 12:35:00,176.6300,176.7100,176.6200,176.6800,9687
2019-06-14 12:30:00,176.7000,176.7000,176.6100,176.6350,5700
2019-06-14 12:25:00,176.6766,176.7100,176.6500,176.6900,8645
2019-06-14 12:20:00,176.6700,176.7100,176.6700,176.6900,8773
2019-06-14 12:15:00,176.7000,176.7000,176.6000,176.6700,10618
2019-06-14 12:10:00,176.6708,176.6900,176.6708,176.6900,10728
2019-06-14 12:05:00,176.6300,176.6750,176.5400,176.6134,6182
2019-06-14 12:00:00,176.5450,176.7900,176.5450,176.6300,11676
2019-06-14 11:55:00,176.5700,176.7700,176.4700,176.5600,17206
2019-06-14 11:50:00,176.4000,176.5800,176.3500,176.5261,14617
2019-06-14 11:45:00,176.5747,176.6400,176.3350,176.4000,13538
2019-06-14 11:40:00,176.6900,176.7600,176.5700,176.6500,8146
2019-06-14 11:35:00,176.4800,176.8200,176.4300,176.7100,14031
2019-06-14 11:30:00,176.7000,176.7000,176.3900,176.5100,10715
2019-06-14 11:25:00,176.5400,176.7400,176.4600,176.7400,12347
2019-06-14 11:20:00,176.6150,176.7150,176.5300,176.6000,10979
2019-06-14 11:15:00,176.7800,176.8500,176.5100,176.6000,22208
2019-06-14 11:10:00,177.4100,177.4700,176.8200,176.8200,20639
2019-06-14 11:05:00,177.5900,177.6000,177.3500,177.4526,14225
2019-06-14 11:00:00,177.7100,177.7100,177.4300,177.5500,24736
2019-06-14 10:55:00,177.6400,177.7400,177.5900,177.6800,21826
2019-06-14 10:50:00,177.5976,177.6200,177.3500,177.6054,15626
2019-06-14 10:45:00,177.5600,177.6650,177.4600,177.5670,13791
2019-06-14 10:40:00,177.5350,177.5800,177.4050,177.4810,20512
2019-06-14 10:35:00,177.5900,177.6650,177.5100,177.5350,23627
2019-06-14 10:30:00,177.4700,177.6550,177.4600,177.5300,16364
2019-06-14 10:25:00,177.3800,177.7300,177.3500,177.4850,17589
2019-06-14 10:20:00,177.5150,177.6500,177.3731,177.3731,18316
2019-06-14 10:15:00,177.6322,177.7450,177.4700,177.4700,10975
2019-06-14 10:10:00,177.5489,177.7000,177.4100,177.5200,21460
2019-06-14 10:05:00,177.7500,177.8200,177.4376,177.5000,25231
2019-06-14 10:00:00,177.2600,177.9000,177.2201,177.8741,27126
2019-06-14 09:55:00,177.0200,177.4400,177.0100,177.2600,25727
2019-06-14 09:50:00,176.5700,177.0200,176.5700,177.0200,12813
2019-06-14 09:45:00,176.8300,177.0000,176.3300,176.5250,10746
2019-06-14 09:40:00,176.8600,177.0650,176.4700,176.8450,22810
2019-06-14 09:35:00,176.9700,177.2300,176.3000,176.6200,44409
2019-06-13 16:00:00,176.2300,176.8800,176.1400,176.7550,107765
2019-06-13 15:55:00,176.3000,176.3300,176.1295,176.2300,60818
2019-06-13 15:50:00,176.5200,176.5600,176.3100,176.3100,32336
2019-06-13 15:45:00,176.4600,176.5725,176.4300,176.5400,26329
2019-06-13 15:40:00,176.5200,176.5600,176.4200,176.5000,30388
2019-06-13 15:35:00,176.3000,176.5600,176.2900,176.5401,33588
2019-06-13 15:30:00,176.2200,176.3500,176.1800,176.3250,31796
2019-06-13 15:25:00,176.1600,176.2800,176.1500,176.2000,18839
2019-06-13 15:20:00,176.1450,176.2200,176.1000,176.1700,17782
2019-06-13 15:15:00,176.1500,176.2600,176.1300,176.1900,22313
2019-06-13 15:10:00,176.1500,176.1752,176.1000,176.1600,19426
2019-06-13 15:05:00,176.1600,176.2300,176.0900,176.1800,34458
2019-06-13 15:00:00,176.2000,176.2600,176.1500,176.1620,13117
2019-06-13 14:55:00,176.2050,176.2700,176.1100,176.1800,13584
2019-06-13 14:50:00,176.2700,176.2800,176.1600,176.2100,7194
2019-06-13 14:45:00,176.1110,176.2600,176.0600,176.2600,11740
2019-06-13 14:40:00,176.1500,176.1700,176.0115,176.1150,12472
2019-06-13 14:35:00,176.2300,176.3200,176.1500,176.1800,10289
2019-06-13 14:30:00,176.1250,176.2600,176.1000,176.2300,8483
2019-06-13 14:25:00,176.0500,176.1500,176.0500,176.1317,7620
2019-06-13 14:20:00,176.1200,176.2100,175.9400,176.0200,12659
2019-06-13 14:15:00,176.0600,176.1400,175.9700,176.1400,7182
2019-06-13 14:10:00,176.1800,176.2400,175.9800,176.0100,20688
2019-06-13 14:05:00,176.2800,176.2900,176.1000,176.2400,14991
2019-06-13 14:00:00,176.3400,176.3400,176.3000,176.3200,5549
2019-06-13 13:55:00,176.3650,176.3650,176.2500,176.3600,7312
2019-06-13 13:50:00,176.3000,176.3700,176.2300,176.3700,9278
2019-06-13 13:45:00,176.2500,176.3700,176.1800,176.3300,12611
2019-06-13 13:40:00,176.2100,176.2700,176.1800,176.2000,8819
2019-06-13 13:35:00,176.2300,176.3100,176.1785,176.2200,10950
2019-06-13 13:30:00,176.1800,176.2500,176.1600,176.2156,6985
2019-06-13 13:25:00,176.2900,176.3000,176.1500,176.2200,12703
2019-06-13 13:20:00,176.1700,176.3300,176.1550,176.3050,14906
2019-06-13 13:15:00,176.2400,176.3100,176.1450,176.1700,9424
2019-06-13 13:10:00,176.2400,176.2800,176.1900,176.2400,8446
2019-06-13 13:05:00,176.4500,176.4600,176.2550,176.2800,10658
2019-06-13 13:00:00,176.4200,176.4400,176.3400,176.4300,5416
2019-06-13 12:55:00,176.3300,176.4300,176.2800,176.4300,8161
2019-06-13 12:50:00,176.3881,176.4300,176.2300,176.3400,8935
2019-06-13 12:45:00,176.0600,176.3400,175.9600,176.3400,15607
2019-06-13 12:40:00,176.1148,176.1400,176.0350,176.0350,5326
2019-06-13 12:35:00,176.1500,176.1550,176.0200,176.1150,13484
2019-06-13 12:30:00,176.1700,176.2900,176.1100,176.1100,7582
2019-06-13 12:25:00,176.2309,176.2309,176.0306,176.1300,5653
2019-06-13 12:20:00,176.1700,176.2700,176.1300,176.2500,9943
2019-06-13 12:15:00,176.2700,176.2900,176.1300,176.1700,5374
2019-06-13 12:10:00,176.2050,176.3600,176.1800,176.2650,5791
2019-06-13 12:05:00,176.2300,176.2800,176.1950,176.2400,7786
2019-06-13 12:00:00,176.2350,176.2600,176.1400,176.2150,6824
2019-06-13 11:55:00,176.3250,176.4350,176.2350,176.2350,8413
2019-06-13 11:50:00,176.3300,176.4600,176.2600,176.3500,13809
2019-06-13 11:45:00,176.2599,176.4000,176.2599,176.2880,10253
2019-06-13 11:40:00,176.1350,176.3000,176.0700,176.2500,14136
2019-06-13 11:35:00,176.1900,176.3100,176.1100,176.1100,8197
2019-06-13 11:30:00,176.1000,176.2000,176.1000,176.1500,8328
2019-06-13 11:25:00,176.0970,176.2500,175.9954,176.1253,11320
2019-06-13 11:20:00,176.2200,176.2200,176.0200,176.0800,8108
2019-06-13 11:15:00,176.2650,176.2650,176.0600,176.1600,24850
2019-06-13 11:10:00,176.4390,176.4800,176.1400,176.3100,17431
2019-06-13 11:05:00,176.2000,176.6100,176.2000,176.6100,24982
2019-06-13 11:00:00,176.2700,176.3300,176.1900,176.2100,13750
2019-06-13 10:55:00,176.3276,176.4100,176.2300,176.2900,24091
2019-06-13 10:50:00,176.5000,176.5698,176.3500,176.3500,13810
2019-06-13 10:45:00,176.7000,176.7400,176.2950,176.5250,10945
2019-06-13 10:40:00,176.8200,176.9400,176.6200,176.7250,20502
2019-06-13 10:35:00,176.8000,176.9300,176.7000,176.7732,13070
2019-06-13 10:30:00,176.4000,176.8600,176.3900,176.7522,23238
2019-06-13 10:25:00,176.1400,176.4500,176.0500,176.4100,9206
2019-06-13 10:20:00,176.2600,176.3300,176.1400,176.1400,9576
2019-06-13 10:15:00,176.1700,176.3700,176.1261,176.3014,14650
2019-06-13 10:10:00,176.4370,176.4800,175.8700,176.1400,16665
2019-06-13 10:05:00,176.6200,176.8100,176.4190,176.4650,28376
2019-06-13 10:00:00,176.7200,176.9400,176.4500,176.5700,21528
2019-06-13 09:55:00,176.9400,176.9800,176.3800,176.6700,19938
2019-06-13 09:50:00,177.2600,177.3300,176.7800,176.9450,17204
2019-06-13 09:45:00,177.0700,177.4500,176.9400,177.2962,19742
2019-06-13 09:40:00,177.0100,177.2300,176.8800,177.1396,20537
2019-06-13 09:35:00,175.8300,177.0300,175.2300,176.9900,51069
2019-06-12 16:00:00,175.5100,175.6400,175.2950,175.6400,125560
2019-06-12 15:55:00,175.1800,175.5500,175.1800,175.4900,49353
2019-06-12 15:50:00,174.9950,175.2400,174.9500,175.1700,36605
2019-06-12 15:45:00,175.0650,175.1700,174.9836,174.9836,37497
2019-06-12 15:40:00,175.0600,175.0795,174.8700,175.0700,52989
2019-06-12 15:35:00,175.1400,175.1400,175.0000,175.0800,36757
2019-06-12 15:30:00,175.2700,175.2900,175.1200,175.1400,26978
2019-06-12 15:25:00,175.2100,175.3700,175.2100,175.2900,22426
2019-06-12 15:20:00,175.3000,175.5100,175.1900,175.2000,36522
2019-06-12 15:15:00,175.4000,175.4000,175.2300,175.3050,20940
2019-06-12 15:10:00,175.2300,175.4400,175.1200,175.4100,36025
2019-06-12 15:05:00,175.3800,175.3800,175.1800,175.2450,27159
2019-06-12 15:00:00,175.3800,175.5050,175.3400,175.3400,14589
2019-06-12 14:55:00,175.3300,175.3500,175.1500,175.3200,24491
2019-06-12 14:50:00,175.5100,175.5100,175.3100,175.3400,19119
2019-06-12 14:45:00,175.5600,175.5900,175.4600,175.5100,25230
2019-06-12 14:40:00,175.5150,175.6000,175.4400,175.5700,30981
2019-06-12 14:35:00,175.5500,175.5700,175.4650,175.5150,26658
2019-06-12 14:30:00,175.5650,175.6000,175.4700,175.5500,24126
2019-06-12 14:25:00,175.5510,175.6100,175.4200,175.5750,18470
2019-06-12 14:20:00,175.5650,175.6400,175.5168,175.5168,12280
2019-06-12 14:15:00,175.5000,175.5600,175.4600,175.5100,7876
2019-06-12 14:10:00,175.4114,175.5700,175.3800,175.5000,9215
2019-06-12 14:05:00,175.4250,175.5100,175.3200,175.4100,11936
2019-06-12 14:00:00,175.4600,175.5000,175.4300,175.4300,8399
2019-06-12 13:55:00,175.5000,175.5200,175.4400,175.4418,5548
2019-06-12 13:50:00,175.4500,175.5500,175.4000,175.4800,11160
2019-06-12 13:45:00,175.5799,175.6300,175.3900,175.4300,7853
2019-06-12 13:40:00,175.7300,175.7600,175.5750,175.5750,8374
2019-06-12 13:35:00,175.7500,175.8300,175.6600,175.7000,13773
2019-06-12 13:30:00,175.6500,175.7746,175.6200,175.7600,11745
2019-06-12 13:25:00,175.7350,175.7500,175.6700,175.6800,11792
2019-06-12 13:20:00,175.6700,175.7700,175.6400,175.7400,8541
2019-06-12 13:15:00,175.7700,175.8300,175.6300,175.7000,14969
2019-06-12 13:10:00,175.8300,175.9600,175.8100,175.8100,16188
2019-06-12 13:05:00,175.8427,175.8427,175.7506,175.8200,6774
2019-06-12 13:00:00,175.8700,175.9000,175.8000,175.8100,5378
2019-06-12 12:55:00,175.9138,175.9900,175.8600,175.8800,7792
2019-06-12 12:50:00,175.7500,175.9400,175.7200,175.9400,6617
2019-06-12 12:45:00,175.6650,175.8200,175.6500,175.7200,10606
2019-06-12 12:40:00,175.7550,175.7550,175.6000,175.6741,11415
2019-06-12 12:35:00,175.8151,175.8600,175.7500,175.7500,9963
2019-06-12 12:30:00,175.8600,175.8600,175.7500,175.8000,40009
2019-06-12 12:20:00,175.5500,175.5500,175.5100,175.5100,10799
2019-06-12 12:15:00,175.6500,175.6500,175.6100,175.6100,2074
2019-06-12 12:10:00,175.5700,175.7000,175.5100,175.6500,8583
2019-06-12 12:05:00,175.4700,175.6700,175.4700,175.5800,8192
2019-06-12 12:00:00,175.3900,175.5500,175.3900,175.4000,11112
2019-06-12 11:55:00,175.6399,175.6400,175.3700,175.3837,7984
2019-06-12 11:50:00,175.6007,175.7200,175.5600,175.6006,11896
2019-06-12 11:45:00,175.6700,175.7600,175.5600,175.5600,8381
2019-06-12 11:40:00,175.8700,175.8700,175.5900,175.7100,10482
2019-06-12 11:35:00,175.8600,175.9200,175.6800,175.8898,15863
2019-06-12 11:30:00,175.5000,175.7910,175.5000,175.7700,12184
2019-06-12 11:25:00,175.6800,175.6900,175.4395,175.4749,8456
2019-06-12 11:20:00,175.5828,175.7800,175.5828,175.7250,12676
2019-06-12 11:15:00,175.5000,175.6200,175.4574,175.5700,13740
2019-06-12 11:10:00,176.0100,176.0100,175.4800,175.4800,10983
2019-06-12 11:05:00,175.7700,176.0200,175.6501,176.0200,11991
2019-06-12 11:00:00,175.8048,176.0900,175.7600,175.7900,12129
2019-06-12 10:55:00,175.4400,175.9000,175.4400,175.8400,19490
2019-06-12 10:50:00,175.2300,175.5100,175.2300,175.4400,8631
2019-06-12 10:45:00,175.4300,175.4500,175.0500,175.2307,15759
2019-06-12 10:40:00,175.2000,175.4100,175.1500,175.4100,11566
2019-06-12 10:35:00,175.1700,175.2800,174.9567,175.1700,14318
2019-06-12 10:30:00,174.9800,175.3000,174.8700,175.2200,33937
2019-06-12 10:25:00,174.7800,175.0800,174.7500,174.9900,34816
2019-06-12 10:20:00,174.5578,174.8400,174.5578,174.7950,23638
2019-06-12 10:15:00,174.3000,174.6800,174.3000,174.4900,39473
2019-06-12 10:10:00,174.6000,174.6900,174.1600,174.3900,33270
2019-06-12 10:05:00,175.1450,175.1500,174.6500,174.6500,25973
2019-06-12 10:00:00,175.3700,175.6000,175.1800,175.1950,26181
2019-06-12 09:55:00,175.9000,175.9000,175.3000,175.3000,20305
2019-06-12 09:50:00,176.0700,176.2000,175.5600,175.9700,21647
2019-06-12 09:45:00,176.1900,176.6900,175.9900,176.1100,22453
2019-06-12 09:40:00,174.9100,176.1900,174.9100,176.1500,42507
2019-06-12 09:35:00,175.3000,176.1700,174.9400,174.9700,46712
2019-06-11 16:00:00,174.7300,174.7300,174.2000,174.4900,130797
2019-06-11 15:55:00,174.8900,174.8900,174.5300,174.7500,56339
2019-06-11 15:50:00,175.1500,175.1600,174.8800,174.9050,31306
2019-06-11 15:45:00,175.1400,175.1700,175.0700,175.1500,31384
2019-06-11 15:40:00,175.2200,175.2200,175.0500,175.1700,28677
2019-06-11 15:35:00,175.0400,175.2600,174.9200,175.2400,27451
2019-06-11 15:30:00,175.0949,175.1000,174.9800,175.0900,22764
2019-06-11 15:25:00,175.0050,175.1100,174.9800,175.0800,22878
2019-06-11 15:20:00,175.1900,175.2400,175.0000,175.0200,16713
2019-06-11 15:15:00,175.4100,175.4400,175.1947,175.1947,16299
2019-06-11 15:10:00,175.1200,175.4221,175.1200,175.4100,15453
2019-06-11 15:05:00,175.0900,175.1700,175.0050,175.1500,21688
2019-06-11 15:00:00,174.9000,175.1200,174.8550,175.0750,21034
2019-06-11 14:55:00,175.0000,175.0500,174.8900,174.9250,14340
2019-06-11 14:50:00,174.9600,174.9800,174.8400,174.9700,17204
2019-06-11 14:45:00,174.8300,174.9600,174.6800,174.9600,18108
2019-06-11 14:40:00,174.9766,174.9766,174.7100,174.8200,20736
2019-06-11 14:35:00,174.9600,175.1300,174.9600,175.0000,10844
2019-06-11 14:30:00,175.1700,175.1700,174.9100,174.9300,20446
2019-06-11 14:25:00,175.3600,175.3700,175.1300,175.1300,15484
2019-06-11 14:20:00,175.3300,175.3640,175.2800,175.3200,10769
2019-06-11 14:15:00,175.3200,175.4200,175.2300,175.3650,13311
2019-06-11 14:10:00,175.4384,175.4400,175.1950,175.3400,13267
2019-06-11 14:05:00,175.2240,175.4300,175.2200,175.4300,14648
2019-06-11 14:00:00,175.2400,175.2700,175.1100,175.2050,16351
2019-06-11 13:55:00,175.2300,175.2400,175.0700,175.2223,13433
2019-06-11 13:50:00,175.3850,175.3850,175.2000,175.2000,14660
2019-06-11 13:45:00,175.3700,175.4500,175.3100,175.3800,8114
2019-06-11 13:40:00,175.2364,175.5200,175.2100,175.3300,15961
2019-06-11 13:35:00,175.3000,175.3200,175.1500,175.2500,11202
2019-06-11 13:30:00,175.2400,175.3600,175.2100,175.3600,10820
2019-06-11 13:25:00,175.4700,175.4800,175.2100,175.2400,15539
2019-06-11 13:20:00,175.5300,175.5899,175.4300,175.4700,13225
2019-06-11 13:15:00,175.2000,175.5300,175.1400,175.4850,18253
2019-06-11 13:10:00,175.3900,175.3900,175.1800,175.2500,13808
2019-06-11 13:05:00,175.2380,175.5100,175.2380,175.3900,20337
2019-06-11 13:00:00,175.4200,175.4600,175.2100,175.2500,15454
2019-06-11 12:55:00,175.5400,175.5700,175.3300,175.4419,20178
2019-06-11 12:50:00,175.7606,175.8500,175.4300,175.5100,11279
2019-06-11 12:45:00,175.9000,175.9100,175.6713,175.7706,13534
2019-06-11 12:40:00,176.0300,176.0300,175.8800,175.9652,14836
2019-06-11 12:35:00,175.9400,176.2100,175.9400,176.1042,10421
2019-06-11 12:30:00,176.0900,176.1500,175.8800,175.9400,16559
2019-06-11 12:25:00,175.9050,176.1800,175.9050,176.1100,11070
2019-06-11 12:20:00,175.7900,175.9100,175.7800,175.9000,12696
2019-06-11 12:15:00,176.2000,176.3000,175.8900,175.9380,20236
2019-06-11 12:10:00,176.2200,176.3300,176.0485,176.1900,14275
2019-06-11 12:05:00,176.4300,176.4850,176.1500,176.2014,19247
2019-06-11 12:00:00,176.5500,176.6300,176.4700,176.4821,14017
2019-06-11 11:55:00,176.2600,176.6100,176.2600,176.6100,14837
2019-06-11 11:50:00,176.5500,176.5600,176.2000,176.2600,18172
2019-06-11 11:45:00,176.4027,176.6000,176.4000,176.5600,10844
2019-06-11 11:40:00,176.4000,176.4400,176.2600,176.3300,15935
2019-06-11 11:35:00,176.3000,176.4434,176.2300,176.3568,18380
2019-06-11 11:30:00,176.2800,176.4500,176.2600,176.3241,29008
2019-06-11 11:25:00,176.4900,176.4900,176.1100,176.2561,50597
2019-06-11 11:20:00,176.3600,176.5500,176.3400,176.5500,28817
2019-06-11 11:15:00,176.6900,176.8000,176.3800,176.3800,16736
2019-06-11 11:10:00,176.6800,176.7700,176.4800,176.6500,33695
2019-06-11 11:05:00,176.5723,176.7600,176.5200,176.7050,32754
2019-06-11 11:00:00,176.4771,176.6500,176.4250,176.5600,17268
2019-06-11 10:55:00,176.2450,176.5350,176.1300,176.5250,20644
2019-06-11 10:50:00,176.6200,176.7700,176.2800,176.3200,19624
2019-06-11 10:45:00,176.7000,176.7700,176.5300,176.5682,20039
2019-06-11 10:40:00,176.8100,176.9600,176.6950,176.6950,35625
2019-06-11 10:35:00,176.8900,177.0100,176.7300,176.8600,23342
2019-06-11 10:30:00,176.5603,176.9100,176.4800,176.9100,15228
2019-06-11 10:25:00,176.4100,176.5300,176.2500,176.5300,22504
2019-06-11 10:20:00,176.3600,176.4700,176.2900,176.4100,20724
2019-06-11 10:15:00,176.2726,176.4300,176.1000,176.3300,21695
2019-06-11 10:10:00,176.3150,176.5900,176.1700,176.3250,22795
2019-06-11 10:05:00,176.3700,176.4050,176.1500,176.3300,19793
2019-06-11 10:00:00,176.7300,176.7700,176.3000,176.3850,17761
2019-06-11 09:55:00,176.7100,176.8400,176.5000,176.6650,29916
2019-06-11 09:50:00,176.8214,177.1500,176.5000,176.6550,41125
2019-06-11 09:45:00,176.7500,176.9500,176.2600,176.8000,22028
2019-06-11 09:40:00,176.3600,176.7600,176.1477,176.7600,40232
2019-06-11 09:35:00,176.2700,176.5000,176.0000,176.3300,0
2019-06-10 16:00:00,175.6200,175.7900,175.3300,175.5800,142731
2019-06-10 15:55:00,175.5500,175.6600,175.3800,175.6450,67290
2019-06-10 15:50:00,175.7100,175.7700,175.5200,175.5450,32061
2019-06-10 15:45:00,175.6600,175.7600,175.5700,175.7200,33894
2019-06-10 15:40:00,175.6900,175.7600,175.6300,175.6600,28435
2019-06-10 15:35:00,175.6800,175.8500,175.6001,175.7200,24639
2019-06-10 15:30:00,175.6300,175.7400,175.5300,175.7300,24406
2019-06-10 15:25:00,175.8200,175.8400,175.6100,175.6100,26760
2019-06-10 15:20:00,175.7800,175.8600,175.7200,175.8000,14697
2019-06-10 15:15:00,175.8700,175.9300,175.7500,175.7600,20463
2019-06-10 15:10:00,175.6800,175.9100,175.6300,175.8800,21522
2019-06-10 15:05:00,175.6100,175.7200,175.5600,175.6900,19206
2019-06-10 15:00:00,175.3594,175.6600,175.3200,175.6195,17722
2019-06-10 14:55:00,175.6000,175.6100,175.3000,175.3500,18332
2019-06-10 14:50:00,175.5400,175.6400,175.5000,175.5800,22691
2019-06-10 14:45:00,175.7700,175.7800,175.6200,175.6200,22977
2019-06-10 14:40:00,175.7700,175.8200,175.7100,175.8200,15986
2019-06-10 14:35:00,175.6800,175.8000,175.6600,175.7600,11976
2019-06-10 14:30:00,175.8200,175.8800,175.5950,175.6600,18467
2019-06-10 14:25:00,175.6500,175.8200,175.5900,175.7900,12802
2019-06-10 14:20:00,175.4450,175.6500,175.3100,175.6500,17186
2019-06-10 14:15:00,175.5000,175.5498,175.3900,175.4500,20064
2019-06-10 14:10:00,175.4300,175.5000,175.3600,175.5000,12475
2019-06-10 14:05:00,175.5400,175.5800,175.2800,175.3974,16679
2019-06-10 14:00:00,175.4900,175.6600,175.4400,175.6600,10537
2019-06-10 13:55:00,175.6100,175.6100,175.3800,175.5000,14285
2019-06-10 13:50:00,175.5700,175.6600,175.5400,175.6400,11681
2019-06-10 13:45:00,175.7800,175.8300,175.5500,175.5900,15139
2019-06-10 13:40:00,175.8200,175.9100,175.7700,175.7700,12439
2019-06-10 13:35:00,175.8700,175.9200,175.7700,175.8500,11300
2019-06-10 13:30:00,175.8700,175.8900,175.7600,175.8550,10210
2019-06-10 13:25:00,175.7800,175.9400,175.7300,175.8600,12087
2019-06-10 13:20:00,175.8600,175.8800,175.7466,175.7466,11042
2019-06-10 13:15:00,175.7600,175.8500,175.7600,175.8358,9933
2019-06-10 13:10:00,175.8900,175.8900,175.6900,175.7600,9697
2019-06-10 13:05:00,175.6600,175.9150,175.6600,175.9100,8154
2019-06-10 13:00:00,175.6109,175.7100,175.5500,175.6600,17301
2019-06-10 12:55:00,175.7700,175.7912,175.5300,175.6500,12728
2019-06-10 12:50:00,175.7500,175.7500,175.6200,175.7350,9791
2019-06-10 12:45:00,175.7227,175.8400,175.6700,175.7500,15818
2019-06-10 12:40:00,175.4300,175.7600,175.2700,175.7200,29443
2019-06-10 12:35:00,175.2500,175.4800,175.1900,175.4400,12002
2019-06-10 12:30:00,175.0100,175.3450,174.9700,175.2700,12260
2019-06-10 12:25:00,175.1628,175.2250,175.0900,175.1300,10817
2019-06-10 12:20:00,175.3100,175.3360,175.1200,175.1300,12073
2019-06-10 12:15:00,175.1000,175.3300,175.0500,175.2921,14550
2019-06-10 12:10:00,175.1672,175.2400,175.0500,175.0600,10204
2019-06-10 12:05:00,174.9100,175.2200,174.8800,175.1650,11370
2019-06-10 12:00:00,175.0600,175.1346,174.8000,174.9100,13429
2019-06-10 11:55:00,175.2200,175.3300,174.9500,175.0400,19653
2019-06-10 11:50:00,175.0200,175.2200,175.0000,175.2120,20801
2019-06-10 11:45:00,174.8400,175.1000,174.8310,175.0800,20228
2019-06-10 11:40:00,174.7300,174.8100,174.5400,174.8100,14079
2019-06-10 11:35:00,174.4500,174.7700,174.4500,174.6900,16206
2019-06-10 11:30:00,174.4100,174.5900,174.3600,174.4600,15490
2019-06-10 11:25:00,174.7399,174.7399,174.3600,174.3700,16254
2019-06-10 11:20:00,174.4400,174.6700,174.4100,174.6400,12846
2019-06-10 11:15:00,174.3700,174.4490,174.3200,174.4400,16378
2019-06-10 11:10:00,174.2820,174.3500,174.0500,174.2250,19756
2019-06-10 11:05:00,174.0600,174.3200,174.0600,174.3000,17359
2019-06-10 11:00:00,174.7900,174.8400,174.0500,174.0500,25059
2019-06-10 10:55:00,174.9600,174.9800,174.7300,174.7900,17337
2019-06-10 10:50:00,175.0100,175.0600,174.9000,174.9500,15009
2019-06-10 10:45:00,175.0400,175.1800,174.9350,175.0300,15226
2019-06-10 10:40:00,175.0000,175.1699,174.9600,175.0500,13994
2019-06-10 10:35:00,175.0400,175.1099,174.8600,175.0700,17816
2019-06-10 10:30:00,174.8600,175.2500,174.8300,175.1200,20911
2019-06-10 10:25:00,174.8300,174.8300,174.5000,174.8291,15404
2019-06-10 10:20:00,174.8346,174.9200,174.6300,174.8482,20911
2019-06-10 10:15:00,174.8000,175.1000,174.5900,174.7550,24559
2019-06-10 10:10:00,174.7000,174.9899,174.4800,174.8000,28350
2019-06-10 10:05:00,175.3300,175.3300,174.5600,174.6450,21470
2019-06-10 10:00:00,175.0700,175.3500,175.0300,175.3100,18568
2019-06-10 09:55:00,175.4000,175.4500,175.0500,175.0600,20238
2019-06-10 09:50:00,175.6900,176.0000,175.3122,175.3122,18174
2019-06-10 09:45:00,175.6100,175.8500,175.4100,175.7800,14748
2019-06-10 09:40:00,176.0100,176.1300,175.5000,175.5000,18351
2019-06-10 09:35:00,175.9500,176.1600,175.4300,176.1100,59766
2019-06-07 16:00:00,175.4000,175.6700,175.3900,175.5500,125352
2019-06-07 15:55:00,175.3800,175.4700,175.1868,175.2700,59960
2019-06-07 15:50:00,175.5100,175.5296,175.2800,175.3900,29497
2019-06-07 15:45:00,175.5000,175.7000,175.4000,175.5300,34582
2019-06-07 15:40:00,175.3800,175.5000,175.3100,175.5000,16909
2019-06-07 15:35:00,175.3900,175.4400,175.2800,175.3800,19687
2019-06-07 15:30:00,175.2800,175.4800,175.2800,175.4200,14836
2019-06-07 15:25:00,175.2000,175.3300,175.1100,175.2800,16204
2019-06-07 15:20:00,175.2900,175.3200,175.1650,175.1800,8514
2019-06-07 15:15:00,175.2050,175.3300,175.1400,175.3250,13568
2019-06-07 15:10:00,175.2500,175.3000,175.1400,175.2300,20626
2019-06-07 15:05:00,175.1600,175.4200,175.1000,175.2550,17882
2019-06-07 15:00:00,175.1700,175.1700,175.0400,175.1350,16072
2019-06-07 14:55:00,175.1500,175.3000,175.1500,175.1700,9380
2019-06-07 14:50:00,175.4000,175.4800,175.1600,175.1600,9141
2019-06-07 14:45:00,175.4100,175.4700,175.3400,175.4100,11864
2019-06-07 14:40:00,175.3600,175.4401,175.3100,175.4400,10372
2019-06-07 14:35:00,175.2300,175.3700,175.0800,175.3700,20611
2019-06-07 14:30:00,175.2400,175.2700,175.1300,175.2650,12554
2019-06-07 14:25:00,175.0900,175.2800,175.0800,175.2800,12004
2019-06-07 14:20:00,175.1800,175.4283,175.1200,175.1200,17555
2019-06-07 14:15:00,175.0439,175.1700,175.0400,175.1700,11516
2019-06-07 14:10:00,175.0300,175.0800,174.9400,175.0400,6572
2019-06-07 14:05:00,175.1100,175.1900,174.9400,174.9900,8124
2019-06-07 14:00:00,175.0276,175.1850,174.9200,175.1850,9592
2019-06-07 13:55:00,175.0758,175.1200,174.9000,174.9800,6053
2019-06-07 13:50:00,175.2100,175.2381,175.0400,175.0400,8431
2019-06-07 13:45:00,175.1900,175.3014,175.0100,175.2263,23888
2019-06-07 13:40:00,175.0800,175.1900,175.0800,175.1700,15707
2019-06-07 13:35:00,174.9650,175.1900,174.9300,175.0400,14168
2019-06-07 13:30:00,174.8500,175.0014,174.8200,174.9600,10888
2019-06-07 13:25:00,175.2000,175.2679,174.8500,174.8800,10783
2019-06-07 13:20:00,175.1500,175.2300,175.0550,175.1800,9696
2019-06-07 13:15:00,175.2600,175.2600,175.0700,175.1714,12010
2019-06-07 13:10:00,175.4700,175.5500,175.2402,175.2437,12265
2019-06-07 13:05:00,175.4800,175.6200,175.4500,175.4500,9414
2019-06-07 13:00:00,175.4900,175.6400,175.4700,175.5400,8329
2019-06-07 12:55:00,175.5328,175.6200,175.4100,175.5200,11264
2019-06-07 12:50:00,175.6700,175.7378,175.4400,175.5150,8529
2019-06-07 12:45:00,175.5800,175.8100,175.5500,175.6800,11526
2019-06-07 12:40:00,175.9799,175.9799,175.6200,175.6900,4590
2019-06-07 12:35:00,175.7100,175.9600,175.7100,175.9300,10848
2019-06-07 12:30:00,175.6200,175.7100,175.4300,175.6400,43500
2019-06-07 12:25:00,175.4900,175.6500,175.3400,175.6400,25354
2019-06-07 12:20:00,175.3800,175.4500,175.3000,175.4234,15000
2019-06-07 12:15:00,175.4600,175.5400,175.2600,175.3700,33311
2019-06-07 12:10:00,175.6200,175.7300,175.3900,175.6200,13640
2019-06-07 12:05:00,175.9100,175.9900,175.5500,175.5850,22240
2019-06-07 12:00:00,175.8300,175.9400,175.7500,175.9100,22700
2019-06-07 11:55:00,175.8400,175.9300,175.7700,175.7700,11932
2019-06-07 11:50:00,175.7200,175.8200,175.6300,175.7400,8823
2019-06-07 11:45:00,175.6164,175.8000,175.6164,175.6300,11456
2019-06-07 11:40:00,175.6600,175.8000,175.5300,175.6400,12775
2019-06-07 11:35:00,175.7100,175.8000,175.5000,175.5500,12223
2019-06-07 11:30:00,175.7100,175.8400,175.6100,175.7100,8558
2019-06-07 11:25:00,175.6400,175.9500,175.6400,175.6794,29291
2019-06-07 11:20:00,175.3700,175.6700,175.3300,175.6700,12956
2019-06-07 11:15:00,175.2610,175.4500,175.2610,175.3700,13367
2019-06-07 11:10:00,175.4100,175.4800,175.1900,175.3200,13566
2019-06-07 11:05:00,175.4883,175.5700,175.3500,175.4100,24107
2019-06-07 11:00:00,174.7600,175.5000,174.7100,175.5000,43726
2019-06-07 10:55:00,174.8600,175.1000,174.6900,174.7600,45396
2019-06-07 10:50:00,174.7382,174.9000,174.7100,174.8097,20763
2019-06-07 10:45:00,174.8500,174.8650,174.6100,174.7500,25886
2019-06-07 10:40:00,174.7900,174.9800,174.6600,174.8400,23473
2019-06-07 10:35:00,174.2200,174.7200,174.2200,174.7064,20531
2019-06-07 10:30:00,173.7600,174.2200,173.6200,174.2200,16743
2019-06-07 10:25:00,174.0100,174.0100,173.6700,173.7800,21455
2019-06-07 10:20:00,174.0700,174.2000,173.8584,173.9967,16801
2019-06-07 10:15:00,174.1800,174.2200,173.8600,174.0150,24216
2019-06-07 10:10:00,174.2800,174.3800,173.8900,174.2100,28588
2019-06-07 10:05:00,173.7500,174.2200,173.5550,174.2200,40406
2019-06-07 10:00:00,173.8400,174.0600,173.7500,173.7500,28084
2019-06-07 09:55:00,173.5650,174.0100,173.2800,173.9289,37371
2019-06-07 09:50:00,173.9735,174.0100,173.4000,173.5200,28697
2019-06-07 09:45:00,173.9500,174.5800,173.8000,173.9000,20154
2019-06-07 09:40:00,175.0200,175.2499,173.5300,173.8800,34970
2019-06-07 09:35:00,175.6300,176.0000,174.6900,174.9250,85244
2019-06-06 16:00:00,174.5000,174.5500,174.0900,174.5500,170226
2019-06-06 15:55:00,174.9800,175.0600,174.4100,174.4900,67972
2019-06-06 15:50:00,174.9900,175.0500,174.9000,175.0000,58306
2019-06-06 15:45:00,175.1650,175.1900,174.9200,175.0100,44655
2019-06-06 15:40:00,175.3326,175.4200,175.1367,175.1700,32881
2019-06-06 15:35:00,175.0300,175.3900,174.9600,175.3500,25454
2019-06-06 15:30:00,175.0400,175.0700,174.9500,175.0400,17181
2019-06-06 15:25:00,174.9800,175.0500,174.9150,175.0100,20143
2019-06-06 15:20:00,174.7500,174.9900,174.7500,174.9500,18335
2019-06-06 15:15:00,174.8100,174.8200,174.6400,174.7700,21574
2019-06-06 15:10:00,174.9450,175.0200,174.7000,174.8300,22855
2019-06-06 15:05:00,174.9100,174.9800,174.7900,174.9500,18466
2019-06-06 15:00:00,174.9100,174.9900,174.8100,174.8300,17094
2019-06-06 14:55:00,175.2800,175.2800,174.8200,174.9100,48562
2019-06-06 14:50:00,175.6550,175.6550,175.2500,175.2500,16139
2019-06-06 14:45:00,175.5400,175.6450,175.3400,175.6450,14926
2019-06-06 14:40:00,175.7300,175.7400,175.4749,175.5400,14641
2019-06-06 14:35:00,175.2935,175.8100,175.1300,175.7100,31610
2019-06-06 14:30:00,175.3900,175.4086,175.2500,175.3100,17753
2019-06-06 14:25:00,175.2450,175.3800,175.2450,175.3600,18413
2019-06-06 14:20:00,175.3100,175.3600,175.2200,175.2600,11914
2019-06-06 14:15:00,175.2303,175.3000,175.2200,175.3000,15825
2019-06-06 14:10:00,175.2470,175.2900,175.0900,175.1234,21123
2019-06-06 14:05:00,175.3300,175.3300,175.0800,175.2200,15714
2019-06-06 14:00:00,175.3400,175.4200,175.2800,175.3500,11207
2019-06-06 13:55:00,175.3200,175.4100,175.2317,175.3500,10286
2019-06-06 13:50:00,175.5400,175.5400,175.3200,175.3400,10495
2019-06-06 13:45:00,175.3350,175.6700,175.2900,175.5600,28748
2019-06-06 13:40:00,175.1300,175.3469,175.1300,175.3300,19139
2019-06-06 13:35:00,175.0400,175.1600,175.0400,175.1200,13141
2019-06-06 13:30:00,174.9300,175.1115,174.9300,175.0300,15741
2019-06-06 13:25:00,175.0700,175.0700,174.8376,174.9400,25251
2019-06-06 13:20:00,175.1400,175.2300,175.0300,175.0700,15745
2019-06-06 13:15:00,175.1604,175.2367,175.1200,175.1500,14487
2019-06-06 13:10:00,175.2350,175.2600,175.0850,175.1900,16192
2019-06-06 13:05:00,175.2450,175.3600,175.2300,175.2400,11231
2019-06-06 13:00:00,175.1800,175.3100,175.1400,175.2400,14699
2019-06-06 12:55:00,175.3500,175.3500,175.0600,175.1600,12759
2019-06-06 12:50:00,175.2200,175.4000,175.2150,175.3500,13672
2019-06-06 12:45:00,175.1400,175.2200,175.1200,175.2200,12724
2019-06-06 12:40:00,175.3100,175.4000,175.0900,175.1550,14790
2019-06-06 12:35:00,175.1300,175.3700,175.0000,175.3300,17852
2019-06-06 12:30:00,175.1600,175.2400,174.9900,175.1200,20344
2019-06-06 12:25:00,175.1000,175.1900,175.0500,175.1400,8960
2019-06-06 12:20:00,175.0800,175.1400,174.9500,175.1400,13897
2019-06-06 12:15:00,175.0000,175.1300,174.9700,175.1000,13816
2019-06-06 12:10:00,174.9500,175.1200,174.7800,175.0000,21048
2019-06-06 12:05:00,174.9300,175.0400,174.8900,174.9600,14485
2019-06-06 12:00:00,174.9246,175.0000,174.7300,174.9250,19872
2019-06-06 11:55:00,174.8800,175.0100,174.8800,174.9500,17149
2019-06-06 11:50:00,174.9426,175.1800,174.8200,174.8600,23473
2019-06-06 11:45:00,175.1200,175.3400,174.9480,174.9480,22823
2019-06-06 11:40:00,175.5050,175.5100,175.2100,175.2400,15623
2019-06-06 11:35:00,175.4400,175.6250,175.4400,175.5000,18543
2019-06-06 11:30:00,175.5300,175.5600,175.2850,175.4800,16702
2019-06-06 11:25:00,175.8400,175.8400,175.4200,175.5400,19830
2019-06-06 11:20:00,175.5800,175.8500,175.5700,175.8500,17367
2019-06-06 11:15:00,175.6750,175.6800,175.3950,175.5300,18302
2019-06-06 11:10:00,175.2900,175.6900,175.2000,175.6900,19995
2019-06-06 11:05:00,175.2000,175.5400,175.2000,175.3000,22952
2019-06-06 11:00:00,175.2800,175.4200,175.1300,175.2350,20763
2019-06-06 10:55:00,175.2500,175.4100,175.1600,175.3200,34350
2019-06-06 10:50:00,175.3633,175.5100,175.0300,175.2500,41103
2019-06-06 10:45:00,175.2300,175.3900,175.0900,175.3450,31825
2019-06-06 10:40:00,174.9800,175.2450,174.9800,175.2100,32321
2019-06-06 10:35:00,174.4000,175.0700,174.3000,174.9400,29471
2019-06-06 10:30:00,174.7401,174.8150,174.4000,174.4000,29915
2019-06-06 10:25:00,175.0850,175.2400,174.6000,174.7500,38709
2019-06-06 10:20:00,175.3200,175.4500,175.0500,175.0500,21136
2019-06-06 10:15:00,175.0800,175.3000,174.7900,175.3000,35543
2019-06-06 10:10:00,175.3000,175.3900,174.9000,175.1294,28961
2019-06-06 10:05:00,174.8300,175.3295,174.7600,175.2400,42435
2019-06-06 10:00:00,175.2700,175.4400,175.1600,175.2300,23986
2019-06-06 09:55:00,175.2100,175.3500,174.8800,175.2200,28841
2019-06-06 09:50:00,175.7900,175.8300,174.9900,175.2300,19455
2019-06-06 09:45:00,175.7400,176.0600,175.6250,175.7419,20218
2019-06-06 09:40:00,174.9900,175.8200,174.9800,175.7700,30909
2019-06-06 09:35:00,174.7800,175.1600,174.5600,175.1000,51225
2019-06-05 16:00:00,174.8300,174.8700,174.3400,174.4900,130327
2019-06-05 15:55:00,174.3800,174.8400,174.3800,174.8100,58356
2019-06-05 15:50:00,174.6600,174.6900,174.3200,174.4050,58313
2019-06-05 15:45:00,174.3700,174.6600,174.3700,174.6600,37603
2019-06-05 15:40:00,174.3500,174.3900,174.1400,174.3700,32770
2019-06-05 15:35:00,174.5700,174.5800,174.2400,174.3300,25845
2019-06-05 15:30:00,174.7400,174.7800,174.5800,174.5800,16746
2019-06-05 15:25:00,174.7400,174.8700,174.7000,174.7500,22377
2019-06-05 15:20:00,174.6200,174.8080,174.6000,174.7600,21599
2019-06-05 15:15:00,174.5000,174.7500,174.4200,174.6450,18103
2019-06-05 15:10:00,174.4000,174.6400,174.4000,174.5000,22734
2019-06-05 15:05:00,174.2150,174.3900,174.2000,174.3900,24953
2019-06-05 15:00:00,174.2200,174.3400,174.1700,174.2070,21915
2019-06-05 14:55:00,174.2002,174.3200,174.1300,174.1900,44071
2019-06-05 14:50:00,174.2500,174.4000,174.1900,174.2500,32054
2019-06-05 14:45:00,174.4200,174.4700,174.2100,174.2400,23332
2019-06-05 14:40:00,174.4200,174.5200,174.4000,174.4300,20290
2019-06-05 14:35:00,174.4904,174.5450,174.3600,174.3950,17186
2019-06-05 14:30:00,174.3000,174.5300,174.3000,174.4800,15179
2019-06-05 14:25:00,174.2550,174.6200,174.2550,174.2900,56331
2019-06-05 14:20:00,174.2450,174.3500,174.1600,174.2800,31160
2019-06-05 14:15:00,174.1300,174.2800,174.1000,174.2600,17718
2019-06-05 14:10:00,173.7780,174.1200,173.7780,174.1200,10291
2019-06-05 14:05:00,173.7078,173.8700,173.6600,173.7800,27898
2019-06-05 14:00:00,173.7000,173.8900,173.6605,173.7200,18954
2019-06-05 13:55:00,173.9500,174.0100,173.7100,173.7300,32399
2019-06-05 13:50:00,174.0050,174.0900,173.9200,173.9500,14803
2019-06-05 13:45:00,174.0100,174.0700,173.8700,173.9600,15541
2019-06-05 13:40:00,174.2671,174.2671,173.9800,174.0600,20717
2019-06-05 13:35:00,174.2200,174.2900,174.1700,174.2900,13028
2019-06-05 13:30:00,174.1450,174.2400,174.1000,174.2200,12364
2019-06-05 13:25:00,174.1400,174.3300,174.1200,174.1900,13063
2019-06-05 13:20:00,174.1500,174.2200,174.0800,174.1300,8189
2019-06-05 13:15:00,174.1500,174.2400,174.0899,174.1750,16566
2019-06-05 13:10:00,174.0500,174.2100,174.0200,174.1800,19768
2019-06-05 13:05:00,173.8414,174.0500,173.8300,174.0500,12312
2019-06-05 13:00:00,173.9600,174.0100,173.9000,173.9000,13983
2019-06-05 12:55:00,173.7900,173.9500,173.7700,173.9500,10824
2019-06-05 12:50:00,173.7500,173.7800,173.5200,173.7800,7997
2019-06-05 12:45:00,173.6000,173.7300,173.5200,173.7200,10760
2019-06-05 12:40:00,173.3400,173.6325,173.2700,173.6300,19003
2019-06-05 12:35:00,173.5936,173.6000,173.2000,173.3400,19215
2019-06-05 12:30:00,173.2800,173.6800,173.2800,173.6100,16736
2019-06-05 12:25:00,173.3600,173.3900,173.2500,173.2500,20290
2019-06-05 12:20:00,173.1600,173.3600,173.1200,173.3200,12326
2019-06-05 12:15:00,173.2200,173.2700,173.0900,173.1400,15847
2019-06-05 12:10:00,173.4700,173.4783,173.1200,173.2150,17145
2019-06-05 12:05:00,173.5700,173.6900,173.4200,173.4200,23048
2019-06-05 12:00:00,173.7200,173.7800,173.5400,173.5850,14813
2019-06-05 11:55:00,173.6700,173.8600,173.6200,173.6500,23345
2019-06-05 11:50:00,173.6100,173.8300,173.5400,173.6700,15678
2019-06-05 11:45:00,174.0000,174.0000,173.5400,173.5400,18855
2019-06-05 11:40:00,173.9400,174.2000,173.9400,174.0700,23272
2019-06-05 11:35:00,174.0891,174.1400,173.8800,173.8864,14612
2019-06-05 11:30:00,173.8250,174.1500,173.7500,174.0500,25426
2019-06-05 11:25:00,173.8000,173.9300,173.6801,173.8000,19616
2019-06-05 11:20:00,173.8100,173.8400,173.5900,173.7300,15391
2019-06-05 11:15:00,173.6650,173.8700,173.5500,173.8500,22040
2019-06-05 11:10:00,173.7900,173.8900,173.6000,173.7000,22832
2019-06-05 11:05:00,173.6300,173.8800,173.5500,173.8250,14900
2019-06-05 11:00:00,173.5400,173.7100,173.4000,173.5900,16881
2019-06-05 10:55:00,173.6800,173.7200,173.3500,173.5750,21799
2019-06-05 10:50:00,173.7700,173.9100,173.6400,173.6400,16581
2019-06-05 10:45:00,173.7250,173.9800,173.6500,173.8000,23397
2019-06-05 10:40:00,173.7000,173.7600,173.4900,173.7600,34299
2019-06-05 10:35:00,174.1300,174.1300,173.5400,173.6650,37736
2019-06-05 10:30:00,174.1200,174.2364,174.0101,174.1300,60624
2019-06-05 10:25:00,174.0200,174.1600,173.8600,174.1300,24764
2019-06-05 10:20:00,173.7500,174.1000,173.5100,174.1000,29125
2019-06-05 10:15:00,173.8900,173.9700,173.6800,173.7200,25588
2019-06-05 10:10:00,173.8580,174.0500,173.6600,173.8900,34069
2019-06-05 10:05:00,174.3800,174.3800,173.5500,173.5800,31344
2019-06-05 10:00:00,173.9600,174.2200,173.7500,174.1800,22906
2019-06-05 09:55:00,174.1900,174.3200,173.5700,173.9600,50603
2019-06-05 09:50:00,174.4900,174.6650,174.0800,174.2200,38088
2019-06-05 09:45:00,175.0400,175.0400,174.1300,174.3400,44963
2019-06-05 09:40:00,175.5200,175.5300,174.7750,175.0900,38435
2019-06-05 09:35:00,175.6800,175.7700,174.9000,175.4600,0
2019-06-04 16:00:00,174.7900,174.8700,174.4300,174.7700,229469
2019-06-04 15:55:00,174.5251,174.8400,174.4500,174.8300,85036
2019-06-04 15:50:00,174.5100,174.6100,174.3700,174.5250,66158
2019-06-04 15:45:00,174.8400,174.8700,174.5100,174.5300,57369
2019-06-04 15:40:00,175.0600,175.0800,174.5900,174.8000,85876
2019-06-04 15:35:00,175.0200,175.1000,174.8600,175.0600,60585
2019-06-04 15:30:00,174.7900,175.0200,174.7800,175.0100,32177
2019-06-04 15:25:00,174.9300,174.9700,174.7600,174.7700,57893
2019-06-04 15:20:00,174.7900,175.0000,174.7450,174.9150,47445
2019-06-04 15:15:00,174.8800,175.0000,174.7600,174.8200,35548
2019-06-04 15:10:00,174.9200,175.0200,174.7900,174.9000,52925
2019-06-04 15:05:00,174.8100,175.0900,174.8050,174.9200,52592
2019-06-04 15:00:00,174.8000,174.9300,174.7350,174.7900,36149
2019-06-04 14:55:00,174.6600,174.8400,174.6400,174.7800,46162
2019-06-04 14:50:00,174.7550,174.8300,174.6100,174.6500,31107
2019-06-04 14:45:00,174.6900,174.8200,174.6100,174.7700,33064
2019-06-04 14:40:00,174.8800,174.9200,174.5952,174.7299,61224
2019-06-04 14:35:00,174.8401,174.8800,174.6700,174.8800,40956
2019-06-04 14:30:00,174.7600,174.8800,174.6700,174.8425,34452
2019-06-04 14:25:00,174.6150,174.7300,174.4200,174.7300,24572
2019-06-04 14:20:00,174.7000,174.7000,174.4350,174.6125,39351
2019-06-04 14:15:00,174.6600,174.8150,174.5700,174.7100,32612
2019-06-04 14:10:00,174.7900,174.8100,174.5350,174.6300,20151
2019-06-04 14:05:00,174.9500,174.9700,174.6100,174.8150,38323
2019-06-04 14:00:00,174.5500,174.9700,174.5300,174.9700,29563
2019-06-04 13:55:00,174.5000,174.6400,174.4800,174.5400,30195
2019-06-04 13:50:00,174.5050,174.5300,174.3700,174.5100,35562
2019-06-04 13:45:00,174.4400,174.5450,174.4200,174.5100,19150
2019-06-04 13:40:00,174.5000,174.5800,174.3700,174.4392,25308
2019-06-04 13:35:00,174.4600,174.4900,174.3700,174.4900,15553
2019-06-04 13:30:00,174.6300,174.6400,174.4100,174.5000,19178
2019-06-04 13:25:00,174.6000,174.6400,174.4800,174.6150,20667
2019-06-04 13:20:00,174.8100,174.8300,174.5995,174.6250,29962
2019-06-04 13:15:00,174.7800,174.8900,174.7600,174.8400,21997
2019-06-04 13:10:00,174.9600,175.0100,174.7200,174.7200,20937
2019-06-04 13:05:00,175.1100,175.1600,174.7600,174.9250,26939
2019-06-04 13:00:00,175.2250,175.3600,175.0700,175.1400,28333
2019-06-04 12:55:00,175.1700,175.2960,175.1500,175.2300,35551
2019-06-04 12:50:00,174.9950,175.1800,174.9700,175.1700,29043
2019-06-04 12:45:00,174.8400,175.0400,174.7800,174.9700,24141
2019-06-04 12:40:00,174.8600,174.9100,174.7600,174.8600,24847
2019-06-04 12:35:00,174.9800,175.0000,174.7600,174.8600,28579
2019-06-04 12:30:00,174.5300,175.0000,174.5100,175.0000,36819
2019-06-04 12:25:00,174.1900,174.6000,174.1100,174.5100,28831
2019-06-04 12:20:00,174.3700,174.4200,173.9300,174.2185,23457
2019-06-04 12:15:00,174.6750,174.7000,174.4000,174.4000,35518
2019-06-04 12:10:00,174.9500,175.0450,174.6300,174.6855,25393
2019-06-04 12:05:00,175.0800,175.1600,174.9300,174.9708,28586
2019-06-04 12:00:00,175.0900,175.2400,174.8900,175.0800,39572
2019-06-04 11:55:00,174.9950,175.2000,174.8800,175.0789,38051
2019-06-04 11:50:00,175.1350,175.1350,174.7400,174.9600,24722
2019-06-04 11:45:00,174.8200,175.1200,174.7200,175.1000,28511
2019-06-04 11:40:00,174.9600,175.0500,174.6000,174.7200,56842
2019-06-04 11:35:00,174.5000,175.0000,174.3700,174.9559,83654
2019-06-04 11:30:00,173.8204,174.5100,173.7600,174.5100,94207
2019-06-04 11:25:00,173.6900,173.9900,173.1200,173.8700,45211
2019-06-04 11:20:00,173.7000,173.7600,172.7200,173.6500,59542
2019-06-04 11:15:00,173.3900,174.7000,173.0200,173.5800,247818
2019-06-04 11:10:00,172.9900,173.3600,172.9000,173.3450,31417
2019-06-04 11:05:00,172.7700,172.9834,172.5100,172.9834,62158
2019-06-04 11:00:00,172.3800,172.8000,172.3800,172.7800,45068
2019-06-04 10:55:00,172.3800,172.5200,172.3100,172.3800,44445
2019-06-04 10:50:00,172.3100,172.4650,172.1200,172.3500,46272
2019-06-04 10:45:00,172.0300,172.3900,171.8500,172.2950,65207
2019-06-04 10:40:00,172.0700,172.2998,171.8350,172.0300,29618
2019-06-04 10:35:00,171.9700,172.1500,171.8900,172.0400,42553
2019-06-04 10:30:00,171.5200,172.0600,171.5000,171.9300,43210
2019-06-04 10:25:00,171.2100,171.5800,171.0508,171.5600,44546
2019-06-04 10:20:00,171.1200,171.4000,171.1000,171.2000,43711
2019-06-04 10:15:00,170.9800,171.1800,170.7050,171.0000,44073
2019-06-04 10:10:00,170.9900,171.2000,170.8000,170.9117,43655
2019-06-04 10:05:00,170.6700,171.3000,170.5600,170.9731,78458
2019-06-04 10:00:00,171.8200,171.8900,170.5700,170.5900,90114
2019-06-04 09:55:00,172.5100,172.5200,171.7122,171.7122,76650
2019-06-04 09:50:00,172.8100,172.8900,172.4000,172.5100,42081
2019-06-04 09:45:00,173.0595,173.0595,172.4400,172.7500,51321
2019-06-04 09:40:00,174.0700,174.1800,172.9100,173.0060,63408
2019-06-04 09:35:00,174.0300,174.1600,172.8961,174.0700,0
2019-06-03 16:00:00,172.7100,172.8600,172.2500,172.3000,318603
2019-06-03 15:55:00,172.7700,173.1100,172.4800,172.6600,105688
2019-06-03 15:50:00,172.6750,172.7800,172.4800,172.7200,79184
2019-06-03 15:45:00,172.2500,172.7400,172.2500,172.6900,77195
2019-06-03 15:40:00,172.4900,172.4900,172.1900,172.2650,69463
2019-06-03 15:35:00,172.6800,172.6800,172.3600,172.5200,55680
2019-06-03 15:30:00,173.0900,173.0900,172.4900,172.7000,44981
2019-06-03 15:25:00,172.9700,173.3800,172.9073,173.1000,43067
2019-06-03 15:20:00,173.1689,173.3100,172.9300,173.0110,52487
2019-06-03 15:15:00,173.0791,173.1263,172.7500,173.1263,36540
2019-06-03 15:10:00,172.9800,173.2500,172.8900,173.1000,33717
2019-06-03 15:05:00,173.3900,173.3900,172.9200,172.9500,40047
2019-06-03 15:00:00,173.4550,173.5800,173.2900,173.3800,30597
2019-06-03 14:55:00,173.6850,173.6850,173.4100,173.4900,27402
2019-06-03 14:50:00,173.9600,174.0500,173.5900,173.7000,29775
2019-06-03 14:45:00,173.8350,174.0000,173.6700,173.9600,23916
2019-06-03 14:40:00,173.8600,173.9900,173.7200,173.8995,35260
2019-06-03 14:35:00,174.2100,174.4000,173.8000,173.8398,26469
2019-06-03 14:30:00,174.2600,174.3000,174.0900,174.1800,20429
2019-06-03 14:25:00,174.0500,174.2600,174.0200,174.2050,21181
2019-06-03 14:20:00,174.2515,174.2600,174.0000,174.0600,33382
2019-06-03 14:15:00,174.5800,174.6610,174.2200,174.3300,21616
2019-06-03 14:10:00,174.5200,174.6500,174.3300,174.6300,17148
2019-06-03 14:05:00,174.6500,174.6713,174.3850,174.5300,19729
2019-06-03 14:00:00,174.2000,174.7200,174.0500,174.6000,61808
2019-06-03 13:55:00,174.2122,174.3300,174.1200,174.2000,30676
2019-06-03 13:50:00,174.4300,174.5900,174.0800,174.2100,24344
2019-06-03 13:45:00,174.2000,174.7000,174.1800,174.4200,30780
2019-06-03 13:40:00,174.1800,174.3800,174.1400,174.3000,41322
2019-06-03 13:35:00,175.0000,175.0000,174.0279,174.2050,39050
2019-06-03 13:30:00,174.2190,175.1200,174.2190,175.0000,77205
2019-06-03 13:25:00,174.2400,174.2700,174.0450,174.2180,59518
2019-06-03 13:20:00,174.0900,174.3800,173.9637,174.2319,54381
2019-06-03 13:15:00,173.7706,174.1600,173.5500,174.0826,39189
2019-06-03 13:10:00,173.2300,173.7400,173.2300,173.7300,29199
2019-06-03 13:05:00,172.9950,173.3300,172.8500,173.3300,38927
2019-06-03 13:00:00,173.5000,173.5500,172.9500,173.0000,15828
2019-06-03 12:55:00,173.5700,173.5700,173.2900,173.4500,40956
2019-06-03 12:50:00,173.4200,173.6400,173.3700,173.5207,29171
2019-06-03 12:45:00,173.5500,173.6300,173.1222,173.4300,46562
2019-06-03 12:40:00,173.0900,173.6100,172.9900,173.6000,30887
2019-06-03 12:35:00,173.0600,173.4983,173.0044,173.0044,38818
2019-06-03 12:30:00,172.9750,173.2300,172.8600,173.0900,32930
2019-06-03 12:25:00,173.0900,173.1763,172.8800,172.9350,69985
2019-06-03 12:20:00,173.3600,173.5600,172.8817,173.1241,56495
2019-06-03 12:15:00,173.3700,173.6300,173.1600,173.3399,47690
2019-06-03 12:10:00,173.9457,174.0500,172.8700,173.3855,64139
2019-06-03 12:05:00,174.8411,175.0100,173.9400,173.9400,58786
2019-06-03 12:00:00,175.0700,175.1700,174.7400,174.8600,55298
2019-06-03 11:55:00,175.4100,175.4400,175.0000,175.0700,86034
2019-06-03 11:50:00,175.4450,175.5400,175.1400,175.3700,179577
2019-06-03 11:45:00,175.3800,175.6500,175.1500,175.4000,117208
2019-06-03 11:40:00,175.2280,175.6100,175.2280,175.4250,53786
2019-06-03 11:35:00,175.8400,175.9200,175.1100,175.2300,33198
2019-06-03 11:30:00,175.8000,175.9400,175.6700,175.8400,42717
2019-06-03 11:25:00,175.6700,175.8704,175.5000,175.7750,40321
2019-06-03 11:20:00,175.6750,175.9350,175.6400,175.7400,51480
2019-06-03 11:15:00,175.7900,176.0200,175.5300,175.6800,85108
2019-06-03 11:10:00,175.6200,175.8200,175.3400,175.7700,84385
2019-06-03 11:05:00,175.2287,175.6600,175.1900,175.5600,51788
2019-06-03 11:00:00,176.0900,176.0900,175.2500,175.3000,99471
2019-06-03 10:55:00,176.5900,176.8100,176.0400,176.0900,181605
2019-06-03 10:50:00,175.9538,176.6700,175.9400,176.6600,138691
2019-06-03 10:45:00,175.1900,176.0700,175.1900,176.0500,90300
2019-06-03 10:40:00,174.8450,175.2500,174.7200,175.2375,96294
2019-06-03 10:35:00,174.5850,174.8900,174.5500,174.8900,71310
2019-06-03 10:30:00,174.0800,174.6350,174.0401,174.6350,54942
2019-06-03 10:25:00,174.5900,174.7200,173.9600,174.1200,84107
2019-06-03 10:20:00,173.8950,174.6600,173.5800,174.6600,113582
2019-06-03 10:15:00,173.8250,174.0000,173.5000,173.9350,79995
2019-06-03 10:10:00,173.2200,173.9611,173.1250,173.8500,61845
2019-06-03 10:05:00,172.7187,173.5100,172.7187,173.1500,84354
2019-06-03 10:00:00,172.4000,172.8200,172.2800,172.8200,62227
2019-06-03 09:55:00,172.8300,172.8413,171.6800,172.4500,68527
2019-06-03 09:50:00,173.3900,173.3900,172.5700,172.8150,133823
2019-06-03 09:45:00,172.5300,173.8250,172.4000,173.3900,115318
2019-06-03 09:40:00,171.4600,172.9000,171.3500,172.5299,115023
2019-06-03 09:35:00,172.0000,172.4200,170.5642,171.3928,184034
2019-05-31 16:00:00,166.9400,166.9400,166.6800,166.7000,184112
2019-05-31 15:55:00,167.1900,167.2332,166.9500,166.9500,65187
2019-05-31 15:50:00,166.9800,167.2244,166.9700,167.1956,37476
2019-05-31 15:45:00,167.1700,167.1800,166.9200,166.9900,44392
2019-05-31 15:40:00,167.2200,167.2700,167.1500,167.1500,57557
2019-05-31 15:35:00,167.5000,167.5000,167.2300,167.2441,34556
2019-05-31 15:30:00,167.3800,167.5300,167.2501,167.5300,29963
2019-05-31 15:25:00,167.3600,167.4600,167.2600,167.4000,36533
2019-05-31 15:20:00,167.5500,167.5700,167.3500,167.3711,26610
2019-05-31 15:15:00,167.4100,167.6000,167.3612,167.5800,21424
2019-05-31 15:10:00,167.3100,167.4500,167.2750,167.4200,20078
2019-05-31 15:05:00,167.5300,167.5300,167.2500,167.2500,33260
2019-05-31 15:00:00,167.6210,167.6800,167.5500,167.5600,17852
2019-05-31 14:55:00,167.4510,167.6950,167.4200,167.6400,19933
2019-05-31 14:50:00,167.4900,167.6200,167.4300,167.4300,15991
2019-05-31 14:45:00,167.2200,167.5600,167.2000,167.5200,25482
2019-05-31 14:40:00,167.2600,167.2900,167.1500,167.2600,22884
2019-05-31 14:35:00,167.3783,167.4250,167.2000,167.2400,18669
2019-05-31 14:30:00,167.3700,167.4100,167.3300,167.3700,11896
2019-05-31 14:25:00,167.3101,167.4133,167.2400,167.3800,20156
2019-05-31 14:20:00,167.3800,167.4350,167.3000,167.3772,11231
2019-05-31 14:15:00,167.5197,167.5197,167.3500,167.4300,25349
2019-05-31 14:10:00,167.4700,167.5200,167.4000,167.5200,20658
2019-05-31 14:05:00,167.7100,167.7400,167.4700,167.4700,13646
2019-05-31 14:00:00,167.6395,167.7324,167.6125,167.6700,12721
2019-05-31 13:55:00,167.6600,167.6600,167.4200,167.5900,21391
2019-05-31 13:50:00,167.7028,167.7500,167.6700,167.6700,15583
2019-05-31 13:45:00,167.7100,167.7800,167.6700,167.7100,17049
2019-05-31 13:40:00,167.9700,167.9700,167.7100,167.7100,15199
2019-05-31 13:35:00,167.9700,168.0100,167.9300,167.9400,20340
2019-05-31 13:30:00,167.8750,168.0100,167.8000,168.0000,16358
2019-05-31 13:25:00,167.9200,168.0000,167.8600,167.8600,15516
2019-05-31 13:20:00,167.7900,168.0000,167.7900,167.8652,13972
2019-05-31 13:15:00,167.4900,167.9000,167.4300,167.7755,37067
2019-05-31 13:10:00,167.3750,167.5000,167.3200,167.4863,30452
2019-05-31 13:05:00,167.3960,167.4900,167.3400,167.4100,11000
2019-05-31 13:00:00,167.4500,167.4700,167.3000,167.4065,21808
2019-05-31 12:55:00,167.5100,167.5665,167.4600,167.4800,12926
2019-05-31 12:50:00,167.3700,167.5900,167.3558,167.4700,10854
2019-05-31 12:45:00,167.5200,167.5200,167.2500,167.3200,23632
2019-05-31 12:40:00,167.5000,167.5680,167.4100,167.4150,12718
2019-05-31 12:35:00,167.3500,167.5200,167.2500,167.4900,13396
2019-05-31 12:30:00,167.4150,167.4700,167.3396,167.3600,12702
2019-05-31 12:25:00,167.5550,167.5550,167.3200,167.4313,14190
2019-05-31 12:20:00,167.5800,167.5800,167.4500,167.5300,13647
2019-05-31 12:15:00,167.6700,167.6800,167.5600,167.6100,9026
2019-05-31 12:10:00,167.6368,167.7200,167.6200,167.6800,12322
2019-05-31 12:05:00,167.7600,167.8600,167.5800,167.6200,16027
2019-05-31 12:00:00,167.6700,167.7500,167.6000,167.7428,14969
2019-05-31 11:55:00,167.8200,167.9200,167.7500,167.7700,13805
2019-05-31 11:50:00,167.7848,167.9100,167.7800,167.8141,11198
2019-05-31 11:45:00,167.8200,167.8500,167.6700,167.7400,11816
2019-05-31 11:40:00,167.9100,168.0000,167.6900,167.8100,18508
2019-05-31 11:35:00,168.1200,168.1250,167.8600,167.8600,18340
2019-05-31 11:30:00,168.2100,168.2163,167.9600,168.1000,13721
2019-05-31 11:25:00,167.8100,168.2400,167.8100,168.1700,14445
2019-05-31 11:20:00,167.6800,167.9275,167.6500,167.7800,21818
2019-05-31 11:15:00,167.6300,167.7300,167.5600,167.6900,14625
2019-05-31 11:10:00,167.7211,167.7700,167.5900,167.6300,22051
2019-05-31 11:05:00,167.7800,167.9427,167.6400,167.7363,33439
2019-05-31 11:00:00,167.6400,167.8900,167.5000,167.7700,28472
2019-05-31 10:55:00,167.7847,167.8200,167.5450,167.6660,17782
2019-05-31 10:50:00,167.5414,167.7500,167.5000,167.6700,21162
2019-05-31 10:45:00,167.7800,167.7800,167.5000,167.6500,15900
2019-05-31 10:40:00,167.8000,167.8830,167.7000,167.8000,15341
2019-05-31 10:35:00,167.7100,168.0000,167.7000,167.8800,17270
2019-05-31 10:30:00,167.5700,167.7900,167.5450,167.7095,16598
2019-05-31 10:25:00,167.2929,167.5800,167.2700,167.5201,20884
2019-05-31 10:20:00,167.0100,167.3600,166.8300,167.3193,21996
2019-05-31 10:15:00,167.2900,167.2900,166.8600,166.9700,29114
2019-05-31 10:10:00,167.4000,167.4300,167.2500,167.2700,19199
2019-05-31 10:05:00,167.8183,167.8800,167.4100,167.4228,21520
2019-05-31 10:00:00,168.1350,168.1350,167.6297,167.8200,14894
2019-05-31 09:55:00,168.0200,168.2000,167.8500,168.0800,29406
2019-05-31 09:50:00,168.3000,168.4300,168.0750,168.0750,19332
2019-05-31 09:45:00,168.5700,168.5700,167.8200,168.3100,32343
2019-05-31 09:40:00,168.1700,168.8700,168.1500,168.5700,39912
2019-05-31 09:35:00,168.0000,168.5300,167.9538,168.1700,54326
2019-05-30 16:00:00,169.0800,169.1400,168.8100,169.0900,127544
2019-05-30 15:55:00,169.0900,169.1200,168.9100,168.9100,44126
2019-05-30 15:50:00,169.0000,169.1700,168.9500,169.1000,30940
2019-05-30 15:45:00,169.0000,169.1300,168.9500,169.0700,22566
2019-05-30 15:40:00,168.9550,169.1930,168.9550,169.0000,27736
2019-05-30 15:35:00,168.9500,168.9500,168.7425,168.9500,21252
2019-05-30 15:30:00,168.8600,169.0900,168.6850,168.9800,23788
2019-05-30 15:25:00,168.7600,168.9000,168.7500,168.8600,24389
2019-05-30 15:20:00,168.8150,168.9300,168.7100,168.7850,21244
2019-05-30 15:15:00,168.5837,168.8400,168.5500,168.8100,12938
2019-05-30 15:10:00,168.7638,168.7638,168.3600,168.5601,30494
2019-05-30 15:05:00,168.9700,168.9700,168.7400,168.7400,21868
2019-05-30 15:00:00,168.6500,169.0000,168.6500,169.0000,17026
2019-05-30 14:55:00,168.3650,168.7000,168.2600,168.6700,17574
2019-05-30 14:50:00,168.4200,168.4200,168.2000,168.3400,29387
2019-05-30 14:45:00,168.4800,168.5600,168.4300,168.4500,18730
2019-05-30 14:40:00,168.7600,168.8100,168.4200,168.4800,27691
2019-05-30 14:35:00,168.9300,168.9320,168.7600,168.7600,12754
2019-05-30 14:30:00,168.9563,168.9971,168.8707,168.9471,9179
2019-05-30 14:25:00,169.1700,169.3400,168.9100,168.9700,28522
2019-05-30 14:20:00,169.1700,169.1800,169.0700,169.1800,11350
2019-05-30 14:15:00,169.2100,169.2950,169.1500,169.1950,10636
2019-05-30 14:10:00,169.2250,169.2378,169.1300,169.2000,16039
2019-05-30 14:05:00,169.3500,169.4300,169.3300,169.3900,7012
2019-05-30 14:00:00,169.2948,169.4600,169.2623,169.3500,11911
2019-05-30 13:55:00,169.0700,169.2600,169.0700,169.2600,15702
2019-05-30 13:50:00,168.9600,169.1800,168.9300,169.1000,10525
2019-05-30 13:45:00,169.0100,169.1600,168.9550,168.9550,12623
2019-05-30 13:40:00,169.0400,169.1600,168.9000,169.0400,13645
2019-05-30 13:35:00,169.0450,169.0500,168.8900,169.0500,11387
2019-05-30 13:30:00,169.1500,169.1500,168.9858,169.0200,9326
2019-05-30 13:25:00,169.1100,169.2300,169.0600,169.1400,13071
2019-05-30 13:20:00,169.1900,169.1900,169.0816,169.0816,26070
2019-05-30 13:15:00,169.2200,169.3000,169.1661,169.2250,10660
2019-05-30 13:10:00,169.1000,169.2350,169.0900,169.2350,9504
2019-05-30 13:05:00,169.2300,169.2300,169.1000,169.1000,8558
2019-05-30 13:00:00,169.2901,169.3400,169.1300,169.2500,14911
2019-05-30 12:55:00,169.2600,169.3800,169.2600,169.3100,13437
2019-05-30 12:50:00,169.0600,169.2700,169.0000,169.2350,25461
2019-05-30 12:45:00,169.0250,169.1297,168.9800,169.0200,17296
2019-05-30 12:40:00,168.8050,169.0300,168.7800,169.0100,14633
2019-05-30 12:35:00,168.8250,168.8600,168.7300,168.8114,11111
2019-05-30 12:30:00,169.1591,169.1591,168.8100,168.8500,15528
2019-05-30 12:25:00,168.9800,169.1100,168.8800,169.1098,12958
2019-05-30 12:20:00,168.8200,169.0586,168.8050,168.9800,10764
2019-05-30 12:15:00,168.7350,168.9600,168.7100,168.8500,10407
2019-05-30 12:10:00,168.8100,168.9100,168.7400,168.7800,15935
2019-05-30 12:05:00,168.7900,168.8700,168.6500,168.8400,15151
2019-05-30 12:00:00,168.5800,168.8500,168.5800,168.7200,22698
2019-05-30 11:55:00,168.7400,168.7400,168.5100,168.6500,14871
2019-05-30 11:50:00,168.7700,168.8139,168.6300,168.7550,11910
2019-05-30 11:45:00,168.7500,168.9400,168.6700,168.7700,11179
2019-05-30 11:40:00,168.6800,168.8100,168.6800,168.7600,8136
2019-05-30 11:35:00,168.8900,169.0500,168.6100,168.6550,17978
2019-05-30 11:30:00,168.7950,168.8900,168.7600,168.8300,19662
2019-05-30 11:25:00,169.0900,169.0900,168.7923,168.7928,16510
2019-05-30 11:20:00,169.1600,169.2800,168.9700,169.0700,15950
2019-05-30 11:15:00,169.1400,169.2142,168.9650,169.1500,9661
2019-05-30 11:10:00,168.7700,169.1500,168.7300,169.1450,17039
2019-05-30 11:05:00,168.8300,168.9400,168.5800,168.8115,17001
2019-05-30 11:00:00,168.8000,169.0200,168.8000,168.8300,12359
2019-05-30 10:55:00,168.9000,168.9000,168.7000,168.7700,14488
2019-05-30 10:50:00,169.0800,169.2005,168.8400,168.8800,32914
2019-05-30 10:45:00,169.1200,169.1900,169.0000,169.1100,17314
2019-05-30 10:40:00,169.4000,169.5100,169.1500,169.1900,19516
2019-05-30 10:35:00,169.3300,169.5400,169.2900,169.4200,26824
2019-05-30 10:30:00,169.1600,169.3400,169.0700,169.3200,18982
2019-05-30 10:25:00,168.9350,169.1765,168.9350,169.1367,16349
2019-05-30 10:20:00,169.0900,169.1900,168.9450,168.9450,29543
2019-05-30 10:15:00,169.2900,169.2900,169.0450,169.0450,24788
2019-05-30 10:10:00,169.0000,169.0725,168.9900,169.0150,21891
2019-05-30 10:05:00,169.2900,169.5200,169.1900,169.2400,17316
2019-05-30 10:00:00,169.5600,169.6295,169.3550,169.3550,15130
2019-05-30 09:55:00,169.7400,169.9200,169.5364,169.5364,22416
2019-05-30 09:50:00,169.8236,169.8400,169.4501,169.7800,16943
2019-05-30 09:45:00,169.5000,169.9500,169.4700,169.9500,12658
2019-05-30 09:40:00,169.4000,170.0500,169.4000,169.5000,20000
2019-05-30 09:35:00,169.4400,169.5000,169.0000,169.2600,36634
2019-05-29 16:00:00,168.9500,169.2800,168.9400,169.2000,193830
2019-05-29 15:55:00,169.0200,169.0200,168.6600,168.9200,56993
2019-05-29 15:50:00,169.1800,169.1800,168.9500,169.0400,36144
2019-05-29 15:45:00,169.0900,169.2500,169.0800,169.1604,35258
2019-05-29 15:40:00,168.9900,169.1600,168.9800,169.0800,41181
2019-05-29 15:35:00,168.5100,168.9800,168.4550,168.9650,43752
2019-05-29 15:30:00,168.3300,168.5300,168.2800,168.4900,24892
2019-05-29 15:25:00,168.2300,168.5000,168.1700,168.3200,26407
2019-05-29 15:20:00,168.2900,168.3300,168.1800,168.2000,28974
2019-05-29 15:15:00,168.1600,168.3200,168.1100,168.3150,17758
2019-05-29 15:10:00,168.0299,168.2200,167.9800,168.1817,29619
2019-05-29 15:05:00,168.3300,168.3300,167.9800,168.0300,25694
2019-05-29 15:00:00,168.1500,168.3950,168.1500,168.3415,18708
2019-05-29 14:55:00,168.1500,168.2500,168.0600,168.1600,25140
2019-05-29 14:50:00,168.0050,168.2200,167.9900,168.2000,41637
2019-05-29 14:45:00,168.1900,168.1900,167.9550,167.9750,19530
2019-05-29 14:40:00,168.2600,168.2935,168.0700,168.2100,20709
2019-05-29 14:35:00,168.5600,168.5600,168.2100,168.2600,18785
2019-05-29 14:30:00,168.5600,168.6400,168.4350,168.5700,28667
2019-05-29 14:25:00,168.7800,168.7800,168.4700,168.5883,18483
2019-05-29 14:20:00,168.6800,168.8500,168.6600,168.7900,13727
2019-05-29 14:15:00,168.7250,168.8300,168.6600,168.6800,17194
2019-05-29 14:10:00,168.9700,168.9900,168.7500,168.7500,13437
2019-05-29 14:05:00,168.9000,169.0300,168.8700,169.0109,17889
2019-05-29 14:00:00,168.8550,168.9641,168.8200,168.8400,20065
2019-05-29 13:55:00,168.9700,169.1200,168.8150,168.8600,22539
2019-05-29 13:50:00,168.8900,169.0300,168.8350,168.9400,30755
2019-05-29 13:45:00,168.9700,169.0750,168.8800,168.8900,47638
2019-05-29 13:40:00,168.8000,168.9850,168.6500,168.9850,17850
2019-05-29 13:35:00,168.6500,168.8400,168.6400,168.8300,11638
2019-05-29 13:30:00,168.6700,168.7308,168.5400,168.6500,21185
2019-05-29 13:25:00,168.6200,168.7100,168.4900,168.7100,12358
2019-05-29 13:20:00,168.8000,168.8000,168.6000,168.6400,17113
2019-05-29 13:15:00,168.8900,169.0647,168.6500,168.7600,20789
2019-05-29 13:10:00,168.1300,168.8200,168.0500,168.7900,17509
2019-05-29 13:05:00,168.2700,168.2900,168.0700,168.1700,19602
2019-05-29 13:00:00,168.4000,168.4000,168.1500,168.2700,17592
2019-05-29 12:55:00,168.4500,168.4900,168.2600,168.3981,22256
2019-05-29 12:50:00,168.6300,168.7359,168.3900,168.4000,18610
2019-05-29 12:45:00,168.5193,168.6800,168.4900,168.6800,18777
2019-05-29 12:40:00,168.5000,168.6000,168.4600,168.5000,18643
2019-05-29 12:35:00,168.5800,168.6800,168.3800,168.5100,19554
2019-05-29 12:30:00,168.4750,168.8000,168.4750,168.5929,24573
2019-05-29 12:25:00,168.4600,168.4600,168.2600,168.4200,22775
2019-05-29 12:20:00,168.2900,168.5600,168.2600,168.4400,20127
2019-05-29 12:15:00,168.2741,168.3300,168.1600,168.2900,17875
2019-05-29 12:10:00,168.2150,168.4100,168.1693,168.2350,35387
2019-05-29 12:05:00,167.6800,167.9530,167.6700,167.9530,15469
2019-05-29 12:00:00,167.7300,167.8750,167.6600,167.7500,23738
2019-05-29 11:55:00,167.9400,167.9900,167.6200,167.7000,22281
2019-05-29 11:50:00,167.7700,168.0273,167.7225,167.9600,17806
2019-05-29 11:45:00,168.0300,168.1500,167.6800,167.7800,37263
2019-05-29 11:40:00,168.4000,168.4800,167.9800,168.0900,23323
2019-05-29 11:35:00,168.2800,168.5000,168.2200,168.3650,25856
2019-05-29 11:30:00,168.1600,168.3750,168.1001,168.3100,21861
2019-05-29 11:25:00,168.2800,168.3500,167.9700,168.2000,29459
2019-05-29 11:20:00,168.3400,168.4100,168.1750,168.2800,23242
2019-05-29 11:15:00,168.7300,168.7500,168.3200,168.3400,20156
2019-05-29 11:10:00,168.6700,168.9000,168.5400,168.6900,20047
2019-05-29 11:05:00,168.6200,168.8100,168.3300,168.7100,24535
2019-05-29 11:00:00,168.8600,168.9899,168.5400,168.6300,24917
2019-05-29 10:55:00,168.8300,168.9500,168.6300,168.8600,34334
2019-05-29 10:50:00,169.0091,169.0091,168.7000,168.8800,19642
2019-05-29 10:45:00,169.3200,169.3700,169.0300,169.0300,17756
2019-05-29 10:40:00,169.6200,169.6200,169.0000,169.3700,23725
2019-05-29 10:35:00,169.4750,169.7600,169.4300,169.6900,23715
2019-05-29 10:30:00,169.3000,169.6850,169.1100,169.4800,26143
2019-05-29 10:25:00,169.5400,169.6200,169.2400,169.3100,19677
2019-05-29 10:20:00,169.0700,169.5742,169.0232,169.5742,30231
2019-05-29 10:15:00,168.8500,169.0600,168.6600,169.0100,26039
2019-05-29 10:10:00,168.5500,168.9200,168.4100,168.8750,25007
2019-05-29 10:05:00,168.8700,168.8850,168.4700,168.5700,53821
2019-05-29 10:00:00,168.6000,168.9300,168.5700,168.9300,40278
2019-05-29 09:55:00,168.4300,168.6168,167.9900,168.6168,38204
2019-05-29 09:50:00,168.4300,168.7150,168.1900,168.4800,21183
2019-05-29 09:45:00,167.4600,168.4200,167.4300,168.4100,32701
2019-05-29 09:40:00,168.0800,168.0800,167.3300,167.5300,43601
2019-05-29 09:35:00,168.0000,168.7900,168.0000,168.1300,54544
