timestamp,open,high,low,close,volume
2019-06-18 12:15:00,258.5000,258.5700,258.4200,258.4700,4777
2019-06-18 12:10:00,258.4500,258.5600,258.4500,258.5000,4245
2019-06-18 12:05:00,258.3600,258.5900,258.3600,258.4400,7263
2019-06-18 12:00:00,258.3700,258.4900,258.3350,258.4000,4137
2019-06-18 11:55:00,258.3465,258.6600,258.3273,258.3500,4287
2019-06-18 11:50:00,258.6100,258.8400,258.2000,258.2000,4048
2019-06-18 11:45:00,258.6400,258.7800,258.4700,258.7176,7056
2019-06-18 11:40:00,258.8400,258.9100,258.7300,258.7650,9708
2019-06-18 11:35:00,258.7201,259.0300,258.7200,258.7650,4238
2019-06-18 11:30:00,258.4800,258.9900,258.4550,258.8000,6099
2019-06-18 11:25:00,259.0100,259.0700,258.3100,258.3100,14850
2019-06-18 11:20:00,258.9950,259.1900,258.9950,259.0700,17354
2019-06-18 11:15:00,259.2500,259.2500,258.9800,259.0050,10055
2019-06-18 11:10:00,258.9800,259.3100,258.9800,259.2450,12194
2019-06-18 11:05:00,259.1800,259.2500,258.7900,259.2000,16476
2019-06-18 11:00:00,259.3500,259.3500,259.1250,259.1800,3282
2019-06-18 10:55:00,258.7800,259.2800,258.6100,259.2800,8917
2019-06-18 10:50:00,258.5700,259.0100,258.5200,258.9000,29431
2019-06-18 10:45:00,258.3216,258.6500,258.3216,258.5100,21523
2019-06-18 10:40:00,258.3500,258.7200,258.0600,258.3800,13698
2019-06-18 10:35:00,258.4400,258.5100,258.3100,258.3100,4570
2019-06-18 10:30:00,258.2350,258.6300,258.2250,258.2450,15533
2019-06-18 10:25:00,258.3150,258.5100,258.3000,258.3000,7160
2019-06-18 10:20:00,258.0700,258.2500,257.9300,258.1050,5601
2019-06-18 10:15:00,258.1900,258.2900,257.9600,257.9600,22253
2019-06-18 10:10:00,257.8800,258.2700,257.8800,258.0800,14033
2019-06-18 10:05:00,257.3950,258.2900,257.2600,258.0400,15021
2019-06-18 10:00:00,257.3200,257.7000,257.1100,257.2800,16876
2019-06-18 09:55:00,257.9050,258.0400,257.3100,257.3100,10626
2019-06-18 09:50:00,258.0000,258.1000,257.3800,258.0500,17922
2019-06-18 09:45:00,257.4200,258.4700,257.1900,257.8500,20986
2019-06-18 09:40:00,256.7000,257.8800,256.1450,257.8800,20596
2019-06-18 09:35:00,257.3100,257.7550,256.2650,256.8300,9392
2019-06-17 16:00:00,254.4400,254.8700,254.4100,254.6675,39756
2019-06-17 15:55:00,254.6100,254.6400,254.3700,254.4300,19597
2019-06-17 15:50:00,254.7500,254.8300,254.6100,254.6100,10145
2019-06-17 15:45:00,254.7550,254.9400,254.7401,254.7650,13150
2019-06-17 15:40:00,254.9700,255.0000,254.7200,254.7200,9947
2019-06-17 15:35:00,254.9000,254.9800,254.5600,254.9800,9755
2019-06-17 15:30:00,254.8600,254.9600,254.8400,254.8450,3880
2019-06-17 15:25:00,254.7400,254.7800,254.5600,254.7800,6392
2019-06-17 15:20:00,254.9700,255.0275,254.7300,254.7300,7451
2019-06-17 15:15:00,255.2750,255.3300,254.9200,254.9200,7315
2019-06-17 15:10:00,255.1800,255.2900,255.1475,255.2400,4739
2019-06-17 15:05:00,255.2300,255.2700,255.0700,255.1000,4761
2019-06-17 15:00:00,255.2800,255.3000,255.2100,255.2400,4139
2019-06-17 14:55:00,255.4258,255.4258,255.2700,255.2700,3461
2019-06-17 14:50:00,255.4100,255.4500,255.3600,255.4150,3577
2019-06-17 14:45:00,255.5150,255.5636,255.3900,255.4300,4230
2019-06-17 14:40:00,255.7200,255.7500,255.5100,255.5550,12959
2019-06-17 14:35:00,255.8400,255.8400,255.6500,255.7000,2723
2019-06-17 14:30:00,255.9700,256.0800,255.8200,255.8200,4827
2019-06-17 14:25:00,255.9200,256.1400,255.8900,256.0000,4640
2019-06-17 14:20:00,255.8700,255.9900,255.8200,255.9100,4503
2019-06-17 14:15:00,255.9100,256.0100,255.8300,255.9100,4568
2019-06-17 14:10:00,256.1150,256.1150,255.7200,255.8500,6148
2019-06-17 14:05:00,255.9900,256.1400,255.9600,256.1000,3650
2019-06-17 14:00:00,255.9550,256.2400,255.9550,256.1039,4385
2019-06-17 13:55:00,256.0600,256.0600,255.8000,255.9400,3393
2019-06-17 13:50:00,255.9300,256.0600,255.9300,256.0600,4583
2019-06-17 13:45:00,255.9500,256.2400,255.9256,255.9400,4877
2019-06-17 13:40:00,255.8100,255.9400,255.8000,255.9250,2385
2019-06-17 13:35:00,255.7300,255.7900,255.6700,255.7400,3973
2019-06-17 13:30:00,255.7000,255.7000,255.6500,255.6900,4478
2019-06-17 13:25:00,255.7450,255.7900,255.6700,255.7300,3329
2019-06-17 13:20:00,255.7650,255.7650,255.6150,255.7500,3242
2019-06-17 13:15:00,255.7500,255.7950,255.7200,255.7950,4169
2019-06-17 13:10:00,255.6900,255.8300,255.6900,255.7100,5380
2019-06-17 13:05:00,255.9200,255.9800,255.7700,255.7700,3990
2019-06-17 13:00:00,255.6800,255.9000,255.5700,255.8600,11806
2019-06-17 12:55:00,255.7100,255.7400,255.5900,255.6600,3108
2019-06-17 12:50:00,255.7550,255.7550,255.5900,255.6550,3623
2019-06-17 12:45:00,255.4300,255.7800,255.3700,255.7800,7881
2019-06-17 12:40:00,255.3000,255.5400,255.2700,255.5400,5802
2019-06-17 12:35:00,255.3900,255.4850,255.3000,255.4100,6210
2019-06-17 12:30:00,255.1899,255.3400,255.0500,255.3400,3138
2019-06-17 12:25:00,254.6950,255.2500,254.6950,255.1900,5734
2019-06-17 12:20:00,254.6100,254.8100,254.6000,254.7100,16853
2019-06-17 12:15:00,254.4778,254.6950,254.4778,254.6800,4967
2019-06-17 12:10:00,254.3800,254.4900,254.3000,254.4900,10093
2019-06-17 12:05:00,254.0800,254.1700,254.0536,254.1000,6589
2019-06-17 12:00:00,254.1600,254.1800,253.9950,254.1800,4522
2019-06-17 11:55:00,254.3700,254.3700,254.0700,254.1500,9595
2019-06-17 11:50:00,254.2000,254.3500,254.0700,254.3450,7030
2019-06-17 11:45:00,254.0800,254.2600,254.0600,254.1500,3921
2019-06-17 11:40:00,254.1675,254.1900,253.9100,254.1150,13043
2019-06-17 11:35:00,254.3300,254.3500,254.0501,254.1000,6428
2019-06-17 11:30:00,254.6750,254.8100,254.3200,254.4000,9236
2019-06-17 11:25:00,254.7500,254.9500,254.6200,254.6800,16386
2019-06-17 11:20:00,254.5600,254.8700,254.5400,254.7500,14526
2019-06-17 11:15:00,254.7102,254.9600,254.5500,254.5500,12040
2019-06-17 11:10:00,254.6700,254.7200,254.3900,254.7000,10536
2019-06-17 11:05:00,254.7200,254.8200,254.5400,254.6878,25044
2019-06-17 11:00:00,254.5700,254.8300,254.4500,254.7700,9393
2019-06-17 10:55:00,254.2600,254.5900,254.2300,254.5000,22007
2019-06-17 10:50:00,254.9400,254.9400,254.2800,254.2800,6595
2019-06-17 10:45:00,255.3900,255.4500,254.9700,254.9750,7128
2019-06-17 10:40:00,255.1750,255.3942,255.1750,255.3300,4962
2019-06-17 10:35:00,255.1000,255.2400,254.9700,255.2150,7457
2019-06-17 10:30:00,254.5875,255.3500,254.5875,255.1900,8306
2019-06-17 10:25:00,254.8200,254.9000,254.3600,254.6900,8610
2019-06-17 10:20:00,255.1950,255.3000,254.9900,254.9900,15360
2019-06-17 10:15:00,255.1200,255.1900,255.1200,255.1900,12913
2019-06-17 10:10:00,255.3200,255.4850,255.3200,255.4850,9762
2019-06-17 10:05:00,255.6000,255.6400,255.1600,255.2600,17802
2019-06-17 10:00:00,255.5700,255.9900,255.4700,255.5600,12738
2019-06-17 09:55:00,255.4600,255.6900,254.9800,255.5100,19694
2019-06-17 09:50:00,255.0850,255.9100,255.0205,255.5500,19079
2019-06-17 09:45:00,255.4400,255.9500,254.7500,255.1900,23612
2019-06-17 09:40:00,254.4500,255.5950,253.9900,255.5950,13000
2019-06-17 09:35:00,254.0300,254.5200,253.3500,254.4650,0
2019-06-14 16:00:00,254.1800,254.1900,253.9500,254.1300,70673
2019-06-14 15:55:00,254.4700,254.5300,254.1500,254.2200,49079
2019-06-14 15:50:00,254.4700,254.7800,254.3100,254.4300,27268
2019-06-14 15:45:00,254.5900,254.6150,254.2700,254.4400,39598
2019-06-14 15:40:00,254.7100,254.9750,254.5800,254.6000,39724
2019-06-14 15:35:00,255.1300,255.1300,254.6200,254.7700,23318
2019-06-14 15:30:00,254.6500,254.9850,254.4300,254.9850,31497
2019-06-14 15:25:00,254.8450,254.8825,254.4800,254.6500,31211
2019-06-14 15:20:00,254.4200,254.9400,254.4200,254.8450,23031
2019-06-14 15:15:00,254.4600,254.5000,254.3300,254.3800,19497
2019-06-14 15:10:00,254.5500,254.5500,254.3200,254.4500,13645
2019-06-14 15:05:00,254.4700,254.5900,254.3600,254.5400,18014
2019-06-14 15:00:00,254.5100,254.5100,254.3600,254.4350,12307
2019-06-14 14:55:00,254.6500,254.6800,254.4700,254.4950,21578
2019-06-14 14:50:00,254.9800,254.9800,254.6400,254.6600,11187
2019-06-14 14:45:00,254.9800,254.9900,254.8400,254.9050,8647
2019-06-14 14:40:00,255.0400,255.0500,254.9000,255.0200,25153
2019-06-14 14:35:00,254.9900,255.0300,254.8800,254.9900,8513
2019-06-14 14:30:00,254.9450,254.9900,254.8600,254.9675,5552
2019-06-14 14:25:00,254.9900,254.9900,254.8600,254.9300,4675
2019-06-14 14:20:00,254.8350,255.0500,254.8200,254.9450,9362
2019-06-14 14:15:00,254.8700,254.8900,254.6900,254.7400,7552
2019-06-14 14:10:00,254.8050,254.8700,254.7700,254.8100,4001
2019-06-14 14:05:00,254.6100,254.8250,254.5400,254.7600,7509
2019-06-14 14:00:00,254.9500,254.9500,254.6700,254.6700,5038
2019-06-14 13:55:00,254.8300,254.9140,254.7500,254.9140,4003
2019-06-14 13:50:00,254.8500,254.9050,254.7400,254.7800,5482
2019-06-14 13:45:00,254.6900,254.9000,254.6600,254.9000,4491
2019-06-14 13:40:00,254.7350,254.7800,254.6600,254.7800,2190
2019-06-14 13:35:00,254.7800,254.8300,254.6700,254.7500,3562
2019-06-14 13:30:00,254.9270,254.9270,254.7200,254.8200,3046
2019-06-14 13:25:00,254.7959,254.8951,254.7000,254.8951,3157
2019-06-14 13:20:00,254.8900,254.8900,254.8000,254.8000,3178
2019-06-14 13:15:00,254.7450,254.9500,254.7450,254.8900,2136
2019-06-14 13:10:00,254.6400,254.7600,254.5700,254.7600,3097
2019-06-14 13:05:00,254.8600,254.8600,254.6700,254.6700,2296
2019-06-14 13:00:00,254.9200,255.0000,254.8000,254.8000,17330
2019-06-14 12:55:00,254.9750,255.0300,254.6850,254.9800,12970
2019-06-14 12:50:00,254.9600,255.0600,254.9550,254.9600,2936
2019-06-14 12:45:00,254.9100,254.9500,254.8700,254.9000,1947
2019-06-14 12:40:00,255.0048,255.1000,254.9200,254.9200,4227
2019-06-14 12:35:00,254.7450,254.9325,254.6600,254.9275,7933
2019-06-14 12:30:00,254.8800,254.8800,254.7150,254.7150,3010
2019-06-14 12:25:00,254.9005,255.0900,254.8850,254.9800,3831
2019-06-14 12:20:00,254.8400,255.0100,254.8100,254.9300,5002
2019-06-14 12:15:00,254.7130,254.9550,254.7130,254.9450,3721
2019-06-14 12:10:00,254.6400,254.7800,254.5800,254.7200,3109
2019-06-14 12:05:00,254.7600,254.8600,254.5300,254.5300,3234
2019-06-14 12:00:00,254.9050,255.1200,254.9050,254.9150,4250
2019-06-14 11:55:00,255.1000,255.1950,254.9000,254.9800,3749
2019-06-14 11:50:00,255.0750,255.2500,255.0750,255.2100,3590
2019-06-14 11:45:00,255.5500,255.5700,255.0300,255.0650,18968
2019-06-14 11:40:00,255.2800,255.5800,255.1700,255.5150,17606
2019-06-14 11:35:00,255.2400,255.5550,255.1700,255.3500,21687
2019-06-14 11:30:00,255.4000,255.4850,255.2000,255.2650,16871
2019-06-14 11:25:00,254.7200,255.4700,254.6300,255.3300,15317
2019-06-14 11:20:00,254.3000,254.7700,254.1500,254.6800,21134
2019-06-14 11:15:00,254.8500,254.8500,254.2900,254.3000,18180
2019-06-14 11:10:00,254.9750,255.1700,254.9150,254.9500,10195
2019-06-14 11:05:00,255.1700,255.2000,254.9000,254.9500,5850
2019-06-14 11:00:00,255.7475,255.7800,255.0200,255.1400,16523
2019-06-14 10:55:00,255.9100,256.0855,255.5800,255.8600,16793
2019-06-14 10:50:00,255.1950,255.7300,255.1950,255.7300,9307
2019-06-14 10:45:00,255.6144,255.6144,255.1900,255.1900,11859
2019-06-14 10:40:00,255.6550,255.9900,255.5900,255.6700,3554
2019-06-14 10:35:00,255.4800,255.9400,255.4100,255.4900,7071
2019-06-14 10:30:00,256.0200,256.0200,255.4320,255.4320,7925
2019-06-14 10:25:00,256.1350,256.1350,255.9400,256.0900,6631
2019-06-14 10:20:00,256.2800,256.4900,256.1100,256.1400,7408
2019-06-14 10:15:00,256.3700,256.5800,256.0400,256.2000,9299
2019-06-14 10:10:00,256.2600,256.2600,255.9000,256.2400,8496
2019-06-14 10:05:00,256.2400,256.4900,255.6100,256.2600,15076
2019-06-14 10:00:00,255.4900,256.5900,255.4900,256.4100,17631
2019-06-14 09:55:00,255.7500,256.2900,255.5450,255.5700,25847
2019-06-14 09:50:00,255.4750,256.2165,255.3600,256.0700,20799
2019-06-14 09:45:00,256.3280,256.3280,255.4900,255.6000,4915
2019-06-14 09:40:00,256.4100,256.7800,256.2400,256.2800,3966
2019-06-14 09:35:00,257.3400,257.3400,256.1004,256.2800,8200
2019-06-13 16:00:00,256.9400,257.2950,256.6100,257.2300,87036
2019-06-13 15:55:00,256.6000,256.9400,256.5400,256.9050,22704
2019-06-13 15:50:00,256.6600,256.8400,256.5700,256.5700,14721
2019-06-13 15:45:00,256.7700,256.9400,256.6200,256.6500,17961
2019-06-13 15:40:00,256.7600,256.8400,256.6850,256.7675,9343
2019-06-13 15:35:00,256.6500,256.8700,256.5800,256.6900,13407
2019-06-13 15:30:00,256.6650,256.7100,256.4400,256.7100,8750
2019-06-13 15:25:00,256.4000,256.7050,256.3650,256.6400,9222
2019-06-13 15:20:00,256.3600,256.3700,255.9800,256.3400,12471
2019-06-13 15:15:00,256.7700,256.7800,256.4250,256.4800,10032
2019-06-13 15:10:00,256.9500,257.0700,256.7400,256.7500,10930
2019-06-13 15:05:00,257.3700,257.4200,256.8500,256.9500,8675
2019-06-13 15:00:00,257.2850,257.4500,257.1800,257.2900,20078
2019-06-13 14:55:00,257.2150,257.3400,257.0600,257.2500,11471
2019-06-13 14:50:00,257.2300,257.2734,256.9000,257.2734,4956
2019-06-13 14:45:00,256.7300,257.2200,256.6000,257.2200,18422
2019-06-13 14:40:00,257.2000,257.3800,256.7600,256.8400,18281
2019-06-13 14:35:00,257.8319,257.8319,257.2400,257.2400,9258
2019-06-13 14:30:00,257.9050,257.9600,257.7575,257.7600,8393
2019-06-13 14:25:00,257.8500,257.9600,257.8500,257.9600,4883
2019-06-13 14:20:00,258.0750,258.0900,257.5800,257.8600,17551
2019-06-13 14:15:00,257.8100,258.1400,257.7000,258.0575,42740
2019-06-13 14:10:00,257.9300,257.9800,257.8000,257.8100,21722
2019-06-13 14:05:00,257.8200,258.0500,257.8200,257.8700,14680
2019-06-13 14:00:00,258.0400,258.0800,257.8300,257.9200,19309
2019-06-13 13:55:00,258.0400,258.1500,257.9500,258.0501,12298
2019-06-13 13:50:00,257.8300,258.0500,257.6400,258.0199,4806
2019-06-13 13:45:00,258.0700,258.0750,257.9500,257.9800,4820
2019-06-13 13:40:00,258.2210,258.2900,258.0100,258.0900,5221
2019-06-13 13:35:00,258.1900,258.2500,258.1100,258.1100,2468
2019-06-13 13:30:00,258.0100,258.3525,257.9900,258.2200,3757
2019-06-13 13:25:00,258.0600,258.1400,257.9000,258.0400,3846
2019-06-13 13:20:00,258.1300,258.2500,258.0500,258.0500,5709
2019-06-13 13:15:00,258.3150,258.3900,258.1200,258.1200,18016
2019-06-13 13:10:00,258.3600,258.3600,258.1600,258.3200,4154
2019-06-13 13:05:00,258.4000,258.5000,258.2950,258.3087,3458
2019-06-13 13:00:00,258.2600,258.4100,258.2300,258.3700,2662
2019-06-13 12:55:00,257.8000,258.2000,257.7550,258.2000,5305
2019-06-13 12:50:00,257.9500,258.1200,257.8900,257.8900,2534
2019-06-13 12:45:00,257.6450,257.9000,257.5800,257.8100,11401
2019-06-13 12:40:00,257.5011,257.8300,257.5011,257.6100,5264
2019-06-13 12:35:00,257.6300,257.7900,257.5000,257.5800,5424
2019-06-13 12:30:00,258.0300,258.1400,257.7300,257.7300,3253
2019-06-13 12:25:00,258.1450,258.2000,257.8600,258.0000,4247
2019-06-13 12:20:00,258.2700,258.3400,257.8300,258.0000,8682
2019-06-13 12:15:00,258.6100,258.6300,258.2100,258.2100,4107
2019-06-13 12:10:00,258.5500,258.7900,258.5500,258.6100,2544
2019-06-13 12:05:00,258.4429,258.7200,258.4429,258.5100,3188
2019-06-13 12:00:00,258.6100,258.7300,258.4150,258.5300,6303
2019-06-13 11:55:00,258.8200,258.8500,258.6400,258.6400,4629
2019-06-13 11:50:00,258.6600,258.8100,258.5100,258.7200,3642
2019-06-13 11:45:00,258.7400,258.9800,258.7300,258.7450,6983
2019-06-13 11:40:00,258.4950,258.7400,258.3250,258.7200,4309
2019-06-13 11:35:00,258.7200,258.9700,258.6800,258.6800,4915
2019-06-13 11:30:00,258.6100,258.9400,258.5100,258.8500,4774
2019-06-13 11:25:00,258.5300,258.6000,258.2400,258.6000,5727
2019-06-13 11:20:00,258.1300,258.4300,257.9550,258.4300,9762
2019-06-13 11:15:00,257.8600,258.0850,257.8000,258.0700,6540
2019-06-13 11:10:00,258.1400,258.1400,257.4600,257.7000,8970
2019-06-13 11:05:00,258.0500,258.2600,257.9700,258.2600,7594
2019-06-13 11:00:00,258.3800,258.4050,257.9500,258.0300,5537
2019-06-13 10:55:00,258.0900,258.5200,257.8000,258.3400,18774
2019-06-13 10:50:00,258.0000,258.4300,257.8300,257.9900,24862
2019-06-13 10:45:00,258.2100,258.2100,257.9900,258.1050,8618
2019-06-13 10:40:00,258.2100,258.5400,258.2100,258.2900,9962
2019-06-13 10:35:00,258.0750,258.3600,257.9000,258.1200,8616
2019-06-13 10:30:00,258.9500,258.9500,257.8300,258.1900,7997
2019-06-13 10:25:00,258.3450,259.2200,258.3450,259.2200,6267
2019-06-13 10:20:00,257.9500,258.4300,257.9400,258.3450,5448
2019-06-13 10:15:00,257.6300,258.4000,257.6300,258.0700,6813
2019-06-13 10:10:00,257.9600,258.0800,257.4900,257.6300,6471
2019-06-13 10:05:00,258.4300,258.4400,257.6100,257.8400,11653
2019-06-13 10:00:00,258.4900,258.4900,258.0700,258.4300,4339
2019-06-13 09:55:00,258.8750,259.0700,258.5337,258.5700,12796
2019-06-13 09:50:00,258.1650,259.3400,258.0300,258.8400,8172
2019-06-13 09:45:00,258.9500,258.9500,257.9200,258.1100,13416
2019-06-13 09:40:00,258.6600,259.3950,258.6600,259.0450,6890
2019-06-13 09:35:00,258.8100,259.1020,257.7500,258.2100,12021
2019-06-12 16:00:00,257.7600,257.8250,257.1300,257.3900,87127
2019-06-12 15:55:00,257.7600,257.9300,257.7500,257.8200,24275
2019-06-12 15:50:00,257.7700,257.8400,257.6000,257.6950,15237
2019-06-12 15:45:00,257.7600,258.0000,257.7600,257.8100,17737
2019-06-12 15:40:00,257.8950,257.9000,257.7400,257.7650,8844
2019-06-12 15:35:00,257.7800,257.9600,257.7600,257.9600,7155
2019-06-12 15:30:00,257.5100,257.7900,257.5100,257.7900,6369
2019-06-12 15:25:00,257.5800,257.6300,257.4400,257.5250,4665
2019-06-12 15:20:00,257.5000,257.5700,257.3850,257.5700,7767
2019-06-12 15:15:00,257.6104,257.6800,257.5000,257.5200,3455
2019-06-12 15:10:00,257.4500,257.6800,257.4500,257.6800,7040
2019-06-12 15:05:00,257.4100,257.5500,257.3600,257.4000,4415
2019-06-12 15:00:00,257.2650,257.3900,257.2650,257.3000,4108
2019-06-12 14:55:00,257.6000,257.6400,257.2700,257.3300,3140
2019-06-12 14:50:00,257.5900,257.7500,257.5900,257.7500,2244
2019-06-12 14:45:00,257.4100,257.4900,257.2600,257.4900,4776
2019-06-12 14:40:00,257.5100,257.5200,257.3944,257.4250,4234
2019-06-12 14:35:00,257.4500,257.4700,257.4000,257.4500,3268
2019-06-12 14:30:00,256.9650,257.3300,256.9650,257.3300,4236
2019-06-12 14:25:00,257.3300,257.3300,256.9900,256.9909,20483
2019-06-12 14:20:00,257.4100,257.4100,257.1100,257.2400,4955
2019-06-12 14:15:00,257.2900,257.5100,257.2900,257.3700,4618
2019-06-12 14:10:00,257.4848,257.6600,257.3200,257.3604,3511
2019-06-12 14:05:00,257.1850,257.6500,257.1850,257.5700,7239
2019-06-12 14:00:00,257.1750,257.2700,257.1100,257.2000,4112
2019-06-12 13:55:00,257.0500,257.2600,257.0500,257.1950,4354
2019-06-12 13:50:00,257.1000,257.1100,256.9800,256.9800,2635
2019-06-12 13:45:00,257.0800,257.1300,256.9510,257.0600,3155
2019-06-12 13:40:00,257.2900,257.2900,256.9700,257.1000,3171
2019-06-12 13:35:00,257.2550,257.3100,257.0700,257.2300,4963
2019-06-12 13:30:00,257.0400,257.2480,256.8400,257.2480,5555
2019-06-12 13:25:00,257.2400,257.3150,257.0100,257.0800,3801
2019-06-12 13:20:00,257.2800,257.3400,257.1550,257.3300,3543
2019-06-12 13:15:00,257.1500,257.3200,257.0800,257.2600,4121
2019-06-12 13:10:00,257.3900,257.5200,257.2100,257.2100,9467
2019-06-12 13:05:00,257.4800,257.5300,257.3550,257.4000,3569
2019-06-12 13:00:00,257.3700,257.5100,257.3700,257.4650,11089
2019-06-12 12:55:00,257.4200,257.5100,257.4000,257.4400,1944
2019-06-12 12:50:00,257.5600,257.7300,257.4400,257.4800,3887
2019-06-12 12:45:00,257.4200,257.6300,257.4100,257.5300,5897
2019-06-12 12:40:00,257.3197,257.5200,257.3197,257.5200,3677
2019-06-12 12:35:00,257.0900,257.5100,257.0300,257.3500,4520
2019-06-12 12:30:00,256.8900,257.1500,256.8900,257.1500,3847
2019-06-12 12:25:00,256.0800,256.7500,256.0700,256.7500,6960
2019-06-12 12:20:00,256.1000,256.3050,256.1000,256.3050,19812
2019-06-12 12:15:00,256.5050,256.5050,256.2500,256.2500,3500
2019-06-12 12:10:00,256.5100,256.5100,256.5100,256.5100,5003
2019-06-12 12:05:00,256.2900,256.4200,256.2900,256.4200,6983
2019-06-12 12:00:00,256.5250,256.5500,256.2450,256.2450,3616
2019-06-12 11:55:00,256.5350,256.5900,256.3850,256.4800,5202
2019-06-12 11:50:00,256.4200,256.6300,256.3500,256.5400,6219
2019-06-12 11:45:00,256.4500,256.6050,256.3350,256.5700,4541
2019-06-12 11:40:00,256.7400,256.7400,256.2850,256.6300,4524
2019-06-12 11:35:00,256.6300,256.8931,256.6300,256.8300,4457
2019-06-12 11:30:00,256.8700,256.8700,256.6400,256.6500,3328
2019-06-12 11:25:00,256.6100,256.8400,256.4800,256.8400,6361
2019-06-12 11:20:00,256.3843,256.4500,256.2400,256.4400,5045
2019-06-12 11:15:00,256.8800,256.9200,256.2500,256.4400,6502
2019-06-12 11:10:00,257.0100,257.0100,256.6500,256.8800,5859
2019-06-12 11:05:00,256.9000,257.1100,256.8700,257.0000,4546
2019-06-12 11:00:00,256.7600,256.8500,256.6700,256.8300,3290
2019-06-12 10:55:00,257.3300,257.3300,256.8200,257.0300,4558
2019-06-12 10:50:00,257.0900,257.5500,257.0450,257.2350,4108
2019-06-12 10:45:00,257.1450,257.2500,256.8600,256.8600,7893
2019-06-12 10:40:00,256.5800,257.2300,256.5800,257.2300,12165
2019-06-12 10:35:00,256.3500,256.6400,256.1800,256.6400,6241
2019-06-12 10:30:00,256.0001,256.7300,255.9400,256.7300,9288
2019-06-12 10:25:00,257.2180,257.4300,255.9000,255.9000,9438
2019-06-12 10:20:00,257.2900,257.5600,257.2000,257.2000,5634
2019-06-12 10:15:00,257.5600,257.6900,257.2700,257.4100,10637
2019-06-12 10:10:00,258.4500,258.4500,257.3900,257.6000,10486
2019-06-12 10:05:00,258.3100,258.4700,258.1900,258.4400,7232
2019-06-12 10:00:00,258.0000,258.3950,258.0000,258.2700,5856
2019-06-12 09:55:00,257.6050,258.4500,257.5300,258.0200,6087
2019-06-12 09:50:00,257.9100,258.8000,257.3400,257.4800,12021
2019-06-12 09:45:00,257.7300,258.7100,257.3000,258.0800,7279
2019-06-12 09:40:00,256.3600,258.0300,256.3600,257.7650,7273
2019-06-12 09:35:00,257.7900,258.5300,255.6400,256.5000,8100
2019-06-11 16:00:00,256.6750,257.0300,256.6400,256.8300,108183
2019-06-11 15:55:00,256.6250,256.7200,256.3900,256.6500,30326
2019-06-11 15:50:00,256.3200,256.6900,256.2100,256.6200,26987
2019-06-11 15:45:00,256.6700,256.7300,256.3300,256.3300,13796
2019-06-11 15:40:00,256.8200,256.8200,256.5950,256.7500,10454
2019-06-11 15:35:00,256.3000,256.9600,256.1500,256.8750,15828
2019-06-11 15:30:00,256.4100,256.4700,256.1800,256.3200,9738
2019-06-11 15:25:00,256.3800,256.5500,256.1300,256.5000,12347
2019-06-11 15:20:00,256.2900,256.3650,256.0900,256.3650,8147
2019-06-11 15:15:00,256.1800,256.4100,256.1550,256.1800,5589
2019-06-11 15:10:00,255.6300,256.2900,255.5900,256.2300,7748
2019-06-11 15:05:00,255.7100,255.7900,255.5700,255.5700,4998
2019-06-11 15:00:00,255.4700,255.8400,255.4500,255.6600,11775
2019-06-11 14:55:00,255.4300,255.6500,255.4100,255.5200,5773
2019-06-11 14:50:00,255.7050,255.7050,255.4000,255.4700,9913
2019-06-11 14:45:00,255.7550,255.7700,255.4700,255.7050,8496
2019-06-11 14:40:00,256.0200,256.0200,255.7000,255.7500,5724
2019-06-11 14:35:00,256.2650,256.2650,255.9100,256.0700,9989
2019-06-11 14:30:00,256.0700,256.3500,256.0450,256.2600,8465
2019-06-11 14:25:00,256.4100,256.4400,255.7300,256.0300,16945
2019-06-11 14:20:00,257.0700,257.0700,256.2900,256.3650,9856
2019-06-11 14:15:00,256.8300,257.1400,256.6900,257.0500,4272
2019-06-11 14:10:00,256.8850,256.8850,256.5900,256.8300,7813
2019-06-11 14:05:00,256.6800,257.1086,256.6800,256.8900,5886
2019-06-11 14:00:00,256.2700,256.5750,256.2700,256.4920,4963
2019-06-11 13:55:00,255.9500,256.2400,255.9500,256.2400,7510
2019-06-11 13:50:00,255.6600,255.9400,255.6200,255.9400,5402
2019-06-11 13:45:00,255.7900,255.8600,255.5400,255.6600,6641
2019-06-11 13:40:00,255.9700,256.2400,255.7800,255.7800,4364
2019-06-11 13:35:00,255.7837,256.0500,255.5700,256.0500,4870
2019-06-11 13:30:00,255.9100,256.0200,255.7258,255.7700,15466
2019-06-11 13:25:00,256.4300,256.4500,255.9800,255.9800,4199
2019-06-11 13:20:00,256.6300,256.7659,256.5300,256.5500,16301
2019-06-11 13:15:00,256.3800,256.6900,256.2700,256.6900,3880
2019-06-11 13:10:00,256.6550,256.8100,256.4300,256.4700,4781
2019-06-11 13:05:00,256.4400,256.6400,256.4400,256.6300,4420
2019-06-11 13:00:00,256.2100,256.5600,256.1600,256.3400,9467
2019-06-11 12:55:00,256.4200,256.4800,256.1900,256.2900,7715
2019-06-11 12:50:00,256.2700,256.5200,256.2500,256.2500,5211
2019-06-11 12:45:00,256.0200,256.2200,255.7750,256.2200,8004
2019-06-11 12:40:00,256.2100,256.3600,256.0500,256.0500,5401
2019-06-11 12:35:00,255.8700,256.3600,255.8700,256.2100,7769
2019-06-11 12:30:00,255.7450,255.9900,255.7450,255.8450,4343
2019-06-11 12:25:00,255.4500,256.0100,255.4500,255.7200,16443
2019-06-11 12:20:00,255.8100,255.8449,255.4300,255.4300,4285
2019-06-11 12:15:00,255.2500,255.6300,255.1600,255.3954,5853
2019-06-11 12:10:00,255.3200,255.4700,254.9500,255.3350,7318
2019-06-11 12:05:00,256.1348,256.1348,255.2500,255.2550,12256
2019-06-11 12:00:00,256.6300,256.8200,256.0800,256.0800,8115
2019-06-11 11:55:00,256.6500,256.9300,256.6090,256.6100,10203
2019-06-11 11:50:00,255.8248,256.4900,255.7400,256.4700,6382
2019-06-11 11:45:00,255.8800,255.9700,255.6100,255.7700,12252
2019-06-11 11:40:00,256.0200,256.2850,255.7300,255.7789,14643
2019-06-11 11:35:00,257.3200,257.3300,255.8700,256.1000,24115
2019-06-11 11:30:00,258.0600,258.0600,257.0700,257.1100,10053
2019-06-11 11:25:00,258.6500,258.6500,257.9500,258.1350,9684
2019-06-11 11:20:00,258.0800,258.6150,258.0800,258.5650,8203
2019-06-11 11:15:00,258.0784,258.1900,257.8000,258.0900,6324
2019-06-11 11:10:00,258.5400,258.5400,258.1100,258.3100,4833
2019-06-11 11:05:00,258.9800,259.0100,258.4900,258.5800,7656
2019-06-11 11:00:00,259.0300,259.1300,258.8900,258.9400,15915
2019-06-11 10:55:00,259.3600,259.3750,258.9500,259.0900,13579
2019-06-11 10:50:00,259.6000,259.8800,259.2800,259.2800,12558
2019-06-11 10:45:00,260.4650,260.6100,259.6000,259.6400,7481
2019-06-11 10:40:00,260.2600,260.4600,259.8800,260.4600,8675
2019-06-11 10:35:00,260.9000,261.0000,260.3800,260.3950,8242
2019-06-11 10:30:00,261.0100,261.0900,260.6750,260.9200,12514
2019-06-11 10:25:00,260.9000,261.3600,260.8200,260.9050,14509
2019-06-11 10:20:00,260.6850,261.0300,260.6850,260.7700,7671
2019-06-11 10:15:00,261.2800,261.2850,260.6500,260.7662,7732
2019-06-11 10:10:00,261.6900,261.6900,260.7100,261.1250,8840
2019-06-11 10:05:00,260.8700,261.6800,260.6400,261.5600,21166
2019-06-11 10:00:00,261.4300,261.5000,260.6600,260.6600,11336
2019-06-11 09:55:00,262.1200,262.1200,261.2900,261.5000,28679
2019-06-11 09:50:00,262.7000,263.1300,262.0450,262.1200,12561
2019-06-11 09:45:00,262.6950,262.9400,262.5500,262.6600,8794
2019-06-11 09:40:00,263.2800,263.2800,262.3800,262.6000,12194
2019-06-11 09:35:00,262.8000,264.0000,262.3700,263.1950,34800
2019-06-10 16:00:00,261.5300,261.5300,260.4600,260.5200,122841
2019-06-10 15:55:00,261.0300,261.5500,260.8600,261.5200,34369
2019-06-10 15:50:00,260.8900,261.1600,260.7600,261.0300,20328
2019-06-10 15:45:00,260.8250,261.0800,260.8250,260.9300,31788
2019-06-10 15:40:00,260.9800,260.9950,260.7700,260.8800,14932
2019-06-10 15:35:00,260.4400,261.1909,260.3300,260.9900,12031
2019-06-10 15:30:00,260.7050,260.8000,260.3100,260.3400,14896
2019-06-10 15:25:00,261.1600,261.1600,260.7400,260.7600,8800
2019-06-10 15:20:00,260.9250,261.1900,260.8200,261.0900,24834
2019-06-10 15:15:00,261.3600,261.4300,260.9100,260.9300,7466
2019-06-10 15:10:00,261.2850,261.3054,261.1413,261.3054,7325
2019-06-10 15:05:00,261.2100,261.3900,261.1350,261.2900,6106
2019-06-10 15:00:00,261.1200,261.2400,261.0000,261.0700,6345
2019-06-10 14:55:00,261.3000,261.3200,261.0300,261.1200,6869
2019-06-10 14:50:00,261.3250,261.5000,261.3000,261.5000,6522
2019-06-10 14:45:00,261.3600,261.4500,261.3000,261.3400,5066
2019-06-10 14:40:00,261.4500,261.5000,261.2250,261.4500,6894
2019-06-10 14:35:00,261.4700,261.7000,261.3600,261.5750,22037
2019-06-10 14:30:00,261.3500,261.6350,261.3500,261.4600,3147
2019-06-10 14:25:00,261.1100,261.5200,261.0000,261.3300,5160
2019-06-10 14:20:00,261.1700,261.1700,260.6700,261.0500,9916
2019-06-10 14:15:00,262.0600,262.0600,261.1750,261.1900,7910
2019-06-10 14:10:00,262.1900,262.2800,262.1100,262.1500,4947
2019-06-10 14:05:00,262.7000,262.7000,262.0550,262.0550,6760
2019-06-10 14:00:00,262.8800,262.9050,262.7300,262.7300,2873
2019-06-10 13:55:00,262.8100,262.8700,262.6400,262.8550,6177
2019-06-10 13:50:00,262.7300,262.8600,262.6900,262.7750,3380
2019-06-10 13:45:00,262.9700,263.0400,262.7500,262.7900,5312
2019-06-10 13:40:00,263.0150,263.0300,262.7300,262.9100,6696
2019-06-10 13:35:00,262.9300,263.1700,262.8700,262.9400,5657
2019-06-10 13:30:00,263.0800,263.2100,262.9603,263.0100,4589
2019-06-10 13:25:00,263.1500,263.4500,263.1500,263.1900,9097
2019-06-10 13:20:00,263.6300,263.6300,263.2100,263.2450,10926
2019-06-10 13:15:00,262.8100,263.6600,262.8100,263.6300,14106
2019-06-10 13:10:00,262.8800,262.9300,262.6700,262.9300,6429
2019-06-10 13:05:00,262.4300,263.0800,262.4300,263.0800,9122
2019-06-10 13:00:00,262.6373,262.7100,262.3400,262.4200,4775
2019-06-10 12:55:00,262.8200,262.8200,262.5100,262.6632,4925
2019-06-10 12:50:00,262.5100,262.7459,262.4000,262.6900,4611
2019-06-10 12:45:00,262.3000,262.6900,262.3000,262.6900,10999
2019-06-10 12:40:00,262.2800,262.3700,262.0600,262.2500,6402
2019-06-10 12:35:00,262.3400,262.5900,262.2700,262.4700,5881
2019-06-10 12:30:00,262.2900,262.6100,262.2900,262.4500,6068
2019-06-10 12:25:00,262.6375,262.7050,262.2200,262.3700,9543
2019-06-10 12:20:00,262.7550,263.1000,262.7008,262.7008,6999
2019-06-10 12:15:00,262.9100,263.0000,262.6900,262.6900,5964
2019-06-10 12:10:00,262.7650,263.2300,262.6400,262.8700,11339
2019-06-10 12:05:00,263.3200,263.4600,262.7700,262.7700,11879
2019-06-10 12:00:00,263.6822,263.9700,263.3200,263.3300,13305
2019-06-10 11:55:00,263.8600,263.9100,263.4800,263.6900,9265
2019-06-10 11:50:00,263.8750,263.9400,263.5300,263.7800,7968
2019-06-10 11:45:00,263.4400,263.9300,263.3300,263.8896,13174
2019-06-10 11:40:00,263.4100,263.4600,263.2000,263.3450,7430
2019-06-10 11:35:00,262.9700,263.4600,262.8300,263.4600,10130
2019-06-10 11:30:00,262.8200,263.3830,262.7800,263.0900,13412
2019-06-10 11:25:00,262.5500,263.0200,262.4300,262.9800,10901
2019-06-10 11:20:00,262.5400,262.7100,262.2850,262.3901,8338
2019-06-10 11:15:00,261.8800,262.4800,261.8800,262.3900,11178
2019-06-10 11:10:00,261.9450,261.9450,261.7150,261.8600,4750
2019-06-10 11:05:00,261.8200,262.1600,261.7900,261.9600,8059
2019-06-10 11:00:00,262.1300,262.1400,261.6913,261.9600,6894
2019-06-10 10:55:00,262.5800,262.5800,262.0600,262.2200,11511
2019-06-10 10:50:00,262.3900,262.8000,262.3800,262.6300,14579
2019-06-10 10:45:00,261.7400,262.3800,261.7000,262.3600,13662
2019-06-10 10:40:00,261.5000,261.7400,261.3800,261.7000,10237
2019-06-10 10:35:00,261.1900,261.4600,260.8600,261.3300,10013
2019-06-10 10:30:00,261.2400,261.4500,260.8600,261.2500,9097
2019-06-10 10:25:00,261.6400,261.7700,261.0100,261.2300,15009
2019-06-10 10:20:00,261.4350,261.8600,261.4350,261.8600,5799
2019-06-10 10:15:00,261.4800,261.7400,261.0500,261.4900,11318
2019-06-10 10:10:00,261.0500,261.6300,260.8268,261.3050,12157
2019-06-10 10:05:00,260.4900,261.0000,260.3700,261.0000,5757
2019-06-10 10:00:00,259.9300,260.4350,259.9300,260.4350,6915
2019-06-10 09:55:00,260.2000,260.3500,259.3600,259.9300,10198
2019-06-10 09:50:00,260.8100,260.9600,259.8000,260.1900,9048
2019-06-10 09:45:00,260.1600,261.6000,260.1600,260.7530,11606
2019-06-10 09:40:00,260.4200,260.5250,259.2300,260.1000,11533
2019-06-10 09:35:00,259.8600,260.9400,259.3800,260.3400,36362
2019-06-07 16:00:00,257.2200,257.6300,257.2200,257.4650,75391
2019-06-07 15:55:00,257.7200,257.7200,257.2100,257.2300,27384
2019-06-07 15:50:00,257.9700,257.9700,257.5600,257.6200,24491
2019-06-07 15:45:00,258.1000,258.3500,258.0300,258.0425,17519
2019-06-07 15:40:00,257.9999,258.1000,257.8100,258.0650,20709
2019-06-07 15:35:00,258.2300,258.3100,257.8500,257.9400,13526
2019-06-07 15:30:00,258.3300,258.4200,258.1400,258.2200,12101
2019-06-07 15:25:00,258.2200,258.4400,258.1300,258.2300,10280
2019-06-07 15:20:00,258.2400,258.3700,258.1700,258.2000,8049
2019-06-07 15:15:00,258.1450,258.3400,258.0900,258.3000,6890
2019-06-07 15:10:00,258.1100,258.2300,257.9500,258.1450,7628
2019-06-07 15:05:00,257.9600,258.3100,257.9100,258.2644,12128
2019-06-07 15:00:00,258.1000,258.1000,257.8850,258.0150,7922
2019-06-07 14:55:00,258.1500,258.3600,258.0987,258.1900,12636
2019-06-07 14:50:00,258.5900,258.7600,258.1700,258.1700,19694
2019-06-07 14:45:00,259.3300,259.3900,258.5800,258.5900,17491
2019-06-07 14:40:00,259.6300,259.6800,259.4200,259.4200,16072
2019-06-07 14:35:00,259.7400,259.7800,259.5200,259.6300,13209
2019-06-07 14:30:00,259.7800,259.8400,259.6700,259.7200,9630
2019-06-07 14:25:00,259.5600,259.7700,259.5300,259.7700,7904
2019-06-07 14:20:00,259.8550,259.9450,259.5100,259.5300,7395
2019-06-07 14:15:00,259.9900,259.9900,259.6800,259.8500,6531
2019-06-07 14:10:00,259.8825,259.9850,259.6400,259.9250,11275
2019-06-07 14:05:00,260.0100,260.1600,259.8800,259.9100,11469
2019-06-07 14:00:00,259.9800,260.1350,259.9800,260.0400,4847
2019-06-07 13:55:00,260.1600,260.3000,260.0300,260.0600,13067
2019-06-07 13:50:00,260.1500,260.1600,259.9200,260.1500,6672
2019-06-07 13:45:00,260.1900,260.2150,260.0192,260.1000,8653
2019-06-07 13:40:00,259.9500,260.3300,259.9500,260.2300,4718
2019-06-07 13:35:00,259.6400,259.9900,259.6400,259.9500,5460
2019-06-07 13:30:00,259.7950,259.8800,259.6700,259.6907,6061
2019-06-07 13:25:00,260.4700,260.6000,259.6500,259.7800,24829
2019-06-07 13:20:00,260.1500,260.4800,259.9800,260.3800,6054
2019-06-07 13:15:00,259.9200,260.3500,259.9200,260.2300,8042
2019-06-07 13:10:00,260.1450,260.2050,259.9000,259.9550,12171
2019-06-07 13:05:00,259.9800,260.2300,259.8300,260.1400,13448
2019-06-07 13:00:00,259.6800,260.0000,259.6800,259.9150,8340
2019-06-07 12:55:00,259.7800,259.8200,259.4874,259.6500,9473
2019-06-07 12:50:00,259.8300,260.1200,259.4900,259.8142,37426
2019-06-07 12:45:00,259.3750,259.8500,259.3100,259.7650,13234
2019-06-07 12:40:00,259.6100,259.6100,259.1700,259.3750,8846
2019-06-07 12:35:00,259.5950,259.6600,259.4900,259.6000,6425
2019-06-07 12:30:00,259.4200,259.7800,259.3200,259.6050,10828
2019-06-07 12:25:00,259.3900,259.6100,259.2300,259.4600,8299
2019-06-07 12:20:00,259.6700,259.7000,259.3200,259.4000,10133
2019-06-07 12:15:00,259.3500,259.6900,259.1300,259.5800,8464
2019-06-07 12:10:00,259.2400,259.5600,259.1600,259.3200,12357
2019-06-07 12:05:00,259.1900,259.3900,259.0900,259.2400,23796
2019-06-07 12:00:00,259.0900,259.4000,259.0900,259.3600,12709
2019-06-07 11:55:00,259.1600,259.2500,259.0100,259.1200,8463
2019-06-07 11:50:00,258.7900,259.0200,258.6300,259.0000,5351
2019-06-07 11:45:00,258.5500,258.9500,258.3200,258.8300,5826
2019-06-07 11:40:00,258.5800,258.5950,258.3200,258.3400,3425
2019-06-07 11:35:00,258.3600,258.6600,258.2700,258.4800,8508
2019-06-07 11:30:00,258.7552,258.7700,258.3000,258.3600,6721
2019-06-07 11:25:00,258.8000,259.2400,258.6600,258.6600,13680
2019-06-07 11:20:00,258.4700,259.0100,258.3900,258.8850,10350
2019-06-07 11:15:00,258.7600,258.9300,258.4800,258.5500,21060
2019-06-07 11:10:00,259.4900,259.4900,258.7300,258.7500,6524
2019-06-07 11:05:00,259.7200,259.9400,259.5000,259.5000,11275
2019-06-07 11:00:00,259.2250,259.9000,259.1200,259.7700,22231
2019-06-07 10:55:00,259.2450,259.6700,259.2450,259.2500,9959
2019-06-07 10:50:00,259.4500,259.6400,259.0300,259.1850,8568
2019-06-07 10:45:00,258.9400,259.4200,258.9000,259.4200,7829
2019-06-07 10:40:00,259.0000,259.4600,258.8900,258.9400,24748
2019-06-07 10:35:00,258.4600,259.1600,258.4000,259.1600,12334
2019-06-07 10:30:00,257.8200,258.4900,257.7000,258.4400,8702
2019-06-07 10:25:00,257.4850,257.7700,257.3000,257.5900,12008
2019-06-07 10:20:00,257.2449,257.5700,257.1600,257.5000,10949
2019-06-07 10:15:00,257.4100,257.4100,256.8200,256.8795,15369
2019-06-07 10:10:00,258.2700,258.3400,257.2000,257.3600,21844
2019-06-07 10:05:00,258.3300,258.6900,257.9000,258.1361,19850
2019-06-07 10:00:00,258.0750,258.4900,258.0750,258.4300,15618
2019-06-07 09:55:00,258.1900,258.2650,257.6500,258.2650,14786
2019-06-07 09:50:00,257.0900,258.4400,257.0900,257.8900,14901
2019-06-07 09:45:00,257.4250,257.9500,257.0700,257.1800,15806
2019-06-07 09:40:00,256.4600,257.0000,255.8900,256.8700,16772
2019-06-07 09:35:00,254.9400,256.5250,253.8100,256.4700,37200
2019-06-06 16:00:00,253.0700,253.2300,252.8900,253.2000,81269
2019-06-06 15:55:00,253.4900,253.7800,252.9400,252.9500,31233
2019-06-06 15:50:00,253.7350,253.8599,253.5000,253.5800,20874
2019-06-06 15:45:00,254.0400,254.1300,253.7100,253.7600,60047
2019-06-06 15:40:00,254.1450,254.2900,253.9700,254.0750,21413
2019-06-06 15:35:00,253.8200,254.1700,253.7500,254.1700,24476
2019-06-06 15:30:00,253.8400,253.9600,253.7200,253.9300,6498
2019-06-06 15:25:00,253.5300,253.7600,253.3700,253.7600,10837
2019-06-06 15:20:00,252.9500,253.4950,252.9500,253.4700,8897
2019-06-06 15:15:00,252.8200,252.9700,252.8100,252.9500,9582
2019-06-06 15:10:00,252.8400,252.9200,252.6800,252.7700,10271
2019-06-06 15:05:00,252.6600,252.7900,252.5100,252.6300,7959
2019-06-06 15:00:00,252.4900,252.7000,252.4700,252.7000,4982
2019-06-06 14:55:00,252.6800,252.7800,252.5600,252.6200,7632
2019-06-06 14:50:00,252.7100,252.8550,252.5800,252.6250,5205
2019-06-06 14:45:00,252.2200,252.7250,252.1100,252.6714,3934
2019-06-06 14:40:00,252.2850,252.3300,252.0600,252.2200,8630
2019-06-06 14:35:00,251.6200,252.3200,251.4900,252.1900,13013
2019-06-06 14:30:00,251.6749,251.6749,251.4000,251.4500,5102
2019-06-06 14:25:00,251.6200,251.8035,251.5700,251.6100,16079
2019-06-06 14:20:00,251.5400,251.5800,251.5400,251.5800,917
2019-06-06 14:15:00,251.5900,251.5900,251.5500,251.5500,3664
2019-06-06 14:10:00,251.6300,251.6300,251.4400,251.5200,7329
2019-06-06 14:05:00,251.2000,251.2000,251.2000,251.2000,2126
2019-06-06 14:00:00,251.5300,251.5750,251.4350,251.4800,2592
2019-06-06 13:55:00,251.3178,251.5800,251.3178,251.5800,5140
2019-06-06 13:50:00,251.3600,251.4400,251.3000,251.3300,3670
2019-06-06 13:45:00,251.1600,251.4200,251.1500,251.3600,6111
2019-06-06 13:40:00,251.0800,251.1500,251.0400,251.0400,2963
2019-06-06 13:35:00,250.9100,251.1500,250.9100,251.1200,3004
2019-06-06 13:30:00,250.8600,251.1550,250.8600,251.0200,6227
2019-06-06 13:25:00,250.7100,250.9000,250.7100,250.8400,4585
2019-06-06 13:20:00,251.1300,251.1300,250.8350,250.8350,4435
2019-06-06 13:15:00,251.2000,251.2400,251.1000,251.1100,6661
2019-06-06 13:10:00,251.4400,251.4500,251.2400,251.2400,3650
2019-06-06 13:05:00,251.3600,251.4600,251.3300,251.4200,2804
2019-06-06 13:00:00,251.2800,251.4700,251.2800,251.4400,4652
2019-06-06 12:55:00,251.6350,251.6350,251.2200,251.2200,6247
2019-06-06 12:50:00,250.8500,251.7100,250.8400,251.7100,4222
2019-06-06 12:45:00,250.9400,251.0400,250.8600,250.9200,3445
2019-06-06 12:40:00,250.7600,251.0100,250.7500,250.9900,6629
2019-06-06 12:35:00,250.5900,250.7400,250.5500,250.7150,6386
2019-06-06 12:30:00,250.7500,250.7600,250.5100,250.5200,6748
2019-06-06 12:25:00,250.7200,250.8300,250.6100,250.7200,6622
2019-06-06 12:20:00,250.5500,250.7700,250.5500,250.7300,8312
2019-06-06 12:15:00,250.6000,250.6200,250.4600,250.5100,3203
2019-06-06 12:10:00,250.6150,250.6250,250.6000,250.6250,16576
2019-06-06 12:05:00,250.8100,251.0450,250.6900,251.0450,6963
2019-06-06 12:00:00,250.5800,250.8100,250.5050,250.7600,10133
2019-06-06 11:55:00,250.4250,250.7900,250.4250,250.4700,5694
2019-06-06 11:50:00,250.9300,251.1900,250.4900,250.6200,4364
2019-06-06 11:45:00,251.3300,251.6200,251.0600,251.0600,6877
2019-06-06 11:40:00,251.5700,251.5700,251.1500,251.3300,8398
2019-06-06 11:35:00,251.1500,251.6100,251.1400,251.5000,8264
2019-06-06 11:30:00,250.7500,251.2300,250.6900,251.2300,7231
2019-06-06 11:25:00,250.2500,250.9250,250.2500,250.5700,49152
2019-06-06 11:20:00,250.5200,250.5750,250.1100,250.3000,17103
2019-06-06 11:15:00,250.7200,250.7200,250.4700,250.5800,8958
2019-06-06 11:10:00,250.2800,250.9100,250.2800,250.7600,9811
2019-06-06 11:05:00,250.4900,250.5400,250.2400,250.3200,16583
2019-06-06 11:00:00,250.4900,250.6900,250.4200,250.5350,12320
2019-06-06 10:55:00,250.8100,250.9600,250.5350,250.5350,9460
2019-06-06 10:50:00,250.8000,250.9100,250.6700,250.8000,10141
2019-06-06 10:45:00,250.7400,251.0600,250.5600,250.9900,10141
2019-06-06 10:40:00,251.0650,251.2400,250.7900,250.7900,9702
2019-06-06 10:35:00,250.8050,251.2000,250.6100,250.9950,18218
2019-06-06 10:30:00,251.0700,251.2700,250.7300,250.7500,15369
2019-06-06 10:25:00,250.6250,251.2100,250.6100,251.2100,17151
2019-06-06 10:20:00,250.9250,250.9250,250.8775,250.8775,8662
2019-06-06 10:15:00,250.4900,250.4900,250.4900,250.4900,12397
2019-06-06 10:10:00,251.3000,251.3000,250.9350,250.9350,74529
2019-06-06 10:05:00,250.6200,250.7000,250.6200,250.7000,0
2019-06-06 10:00:00,250.7200,250.8500,250.3280,250.3280,4351
2019-06-06 09:55:00,250.6300,251.2300,250.3600,250.5900,10963
2019-06-06 09:50:00,250.6000,251.2100,250.3050,250.4300,9108
2019-06-06 09:45:00,251.3400,251.7200,250.5550,250.9900,9482
2019-06-06 09:40:00,251.2900,252.0800,251.2400,251.7300,4351
2019-06-06 09:35:00,252.6100,252.9200,250.7000,250.7000,0
2019-06-05 16:00:00,252.2200,252.4300,252.0700,252.1200,87067
2019-06-05 15:55:00,251.7100,252.2200,251.7100,252.1800,35950
2019-06-05 15:50:00,251.9300,252.0300,251.6200,251.6900,32000
2019-06-05 15:45:00,251.5900,251.9700,251.5200,251.9400,21403
2019-06-05 15:40:00,251.3300,251.5800,251.0700,251.5800,18855
2019-06-05 15:35:00,251.5900,251.5900,251.0700,251.2800,11797
2019-06-05 15:30:00,251.7950,251.8000,251.6000,251.6000,7936
2019-06-05 15:25:00,251.7000,251.8700,251.6450,251.8150,8363
2019-06-05 15:20:00,251.6250,251.8000,251.5300,251.7600,10844
2019-06-05 15:15:00,251.4200,251.7900,251.4200,251.7000,11591
2019-06-05 15:10:00,251.4600,251.6700,251.2900,251.3700,8837
2019-06-05 15:05:00,251.2650,251.4700,251.2379,251.4700,9297
2019-06-05 15:00:00,251.4300,251.5600,251.3500,251.3800,6877
2019-06-05 14:55:00,251.4300,251.5300,251.2500,251.3500,15023
2019-06-05 14:50:00,251.3900,251.7300,251.3900,251.4700,6313
2019-06-05 14:45:00,251.4000,251.4200,251.2000,251.3600,10149
2019-06-05 14:40:00,251.5200,251.5405,251.4400,251.4400,8114
2019-06-05 14:35:00,251.4000,251.5500,251.2500,251.4400,8782
2019-06-05 14:30:00,251.5450,251.5450,251.3400,251.4300,8317
2019-06-05 14:25:00,251.2600,251.5400,251.2600,251.5400,4874
2019-06-05 14:20:00,251.3300,251.5100,251.2850,251.4000,6138
2019-06-05 14:15:00,251.4500,251.6200,251.3100,251.4100,7537
2019-06-05 14:10:00,251.2900,251.5000,251.2400,251.3850,5961
2019-06-05 14:05:00,250.9700,251.2650,250.8700,251.2460,10214
2019-06-05 14:00:00,250.5700,251.0150,250.4800,251.0150,7422
2019-06-05 13:55:00,250.7900,251.0500,250.6550,250.6550,6634
2019-06-05 13:50:00,250.9300,251.0000,250.7100,250.8750,5801
2019-06-05 13:45:00,250.9800,250.9900,250.7100,250.8950,7222
2019-06-05 13:40:00,250.8900,251.1700,250.7300,251.0000,5806
2019-06-05 13:35:00,250.8600,251.0050,250.7700,250.8500,8466
2019-06-05 13:30:00,250.9300,251.1000,250.6900,250.9104,8420
2019-06-05 13:25:00,251.3200,251.3200,250.8500,250.8500,4834
2019-06-05 13:20:00,251.4250,251.5300,251.3100,251.3100,4060
2019-06-05 13:15:00,251.3100,251.6700,251.2200,251.4600,5915
2019-06-05 13:10:00,250.9400,251.3600,250.9100,251.3600,22791
2019-06-05 13:05:00,250.4850,250.9800,250.4850,250.8900,7923
2019-06-05 13:00:00,250.7700,250.8900,250.4700,250.4700,5771
2019-06-05 12:55:00,250.4300,251.0000,250.4300,250.8550,9854
2019-06-05 12:50:00,250.4200,250.5800,250.4000,250.4000,3648
2019-06-05 12:45:00,250.5000,250.6200,250.3350,250.4800,8407
2019-06-05 12:40:00,250.7650,250.7900,250.3800,250.5000,11140
2019-06-05 12:35:00,251.5900,251.5900,250.6900,250.7850,9174
2019-06-05 12:30:00,251.0850,251.6100,251.0750,251.6000,9876
2019-06-05 12:25:00,250.9950,251.2000,250.9500,251.0600,5947
2019-06-05 12:20:00,251.2300,251.2300,250.8400,250.9500,6775
2019-06-05 12:15:00,251.4300,251.5650,251.2400,251.2400,16863
2019-06-05 12:10:00,251.1300,251.3500,251.1200,251.3300,10612
2019-06-05 12:05:00,251.5200,251.7200,250.8400,251.1000,18135
2019-06-05 12:00:00,250.9600,251.5700,250.9600,251.5000,10852
2019-06-05 11:55:00,251.0100,251.0700,250.8000,250.9400,5314
2019-06-05 11:50:00,250.9000,251.1300,250.7800,250.9250,6672
2019-06-05 11:45:00,251.0600,251.1100,250.6350,251.0700,10469
2019-06-05 11:40:00,250.9300,251.1600,250.8900,251.1000,8718
2019-06-05 11:35:00,250.9300,251.1800,250.7800,250.9200,13166
2019-06-05 11:30:00,250.1201,250.9300,250.0800,250.8800,9603
2019-06-05 11:25:00,249.8500,250.3100,249.8400,250.2500,5933
2019-06-05 11:20:00,249.6800,249.8400,249.5100,249.7700,7209
2019-06-05 11:15:00,249.5800,249.9000,249.5000,249.7800,11024
2019-06-05 11:10:00,249.6600,250.0300,249.3600,249.5800,12218
2019-06-05 11:05:00,249.1450,249.8200,248.9500,249.7700,10542
2019-06-05 11:00:00,249.0800,249.4100,248.9100,249.0500,6400
2019-06-05 10:55:00,249.1600,249.3200,248.8500,249.1500,10562
2019-06-05 10:50:00,250.0155,250.0155,249.1300,249.1600,10352
2019-06-05 10:45:00,249.8100,250.2450,249.8100,250.0500,11622
2019-06-05 10:40:00,249.4700,249.7000,249.0700,249.7000,11353
2019-06-05 10:35:00,249.7000,249.7000,248.9000,249.4300,12726
2019-06-05 10:30:00,249.9050,250.1100,249.6050,249.6050,11887
2019-06-05 10:25:00,249.6150,249.9400,249.4050,249.8800,10660
2019-06-05 10:20:00,249.3650,249.7500,249.1900,249.7500,12130
2019-06-05 10:15:00,249.8900,250.2600,249.3650,249.4400,14519
2019-06-05 10:10:00,249.1500,249.9100,249.1300,249.9100,16349
2019-06-05 10:05:00,250.0000,250.2200,248.8400,248.8400,10666
2019-06-05 10:00:00,248.4600,249.7100,248.4300,249.7100,13052
2019-06-05 09:55:00,249.3200,249.3200,248.3100,248.5800,18234
2019-06-05 09:50:00,248.9500,249.8600,248.8700,249.3100,19829
2019-06-05 09:45:00,250.1100,250.1100,248.8300,249.0300,9394
2019-06-05 09:40:00,249.5300,250.2300,249.1800,250.2300,12570
2019-06-05 09:35:00,249.4100,252.0000,249.0900,249.2500,0
2019-06-04 16:00:00,246.5950,247.3100,246.5800,247.1800,124106
2019-06-04 15:55:00,246.3100,246.6600,246.3000,246.6400,56611
2019-06-04 15:50:00,245.9700,246.3400,245.8200,246.2850,31250
2019-06-04 15:45:00,245.8000,246.0100,245.6400,246.0100,21901
2019-06-04 15:40:00,245.8300,245.9600,245.6400,245.8900,21764
2019-06-04 15:35:00,246.0500,246.0750,245.7800,245.8400,21077
2019-06-04 15:30:00,245.7300,246.2500,245.7089,246.0650,16603
2019-06-04 15:25:00,245.8000,245.8500,245.6200,245.7200,12778
2019-06-04 15:20:00,245.8100,245.8400,245.5400,245.7800,13369
2019-06-04 15:15:00,245.7000,245.8150,245.6100,245.8000,12318
2019-06-04 15:10:00,245.6150,245.8000,245.5100,245.6900,11189
2019-06-04 15:05:00,245.4300,245.6500,245.3000,245.6500,8463
2019-06-04 15:00:00,245.5300,245.6600,245.3400,245.3400,11664
2019-06-04 14:55:00,245.7100,245.7200,245.3000,245.4700,12236
2019-06-04 14:50:00,245.6300,245.6900,245.3900,245.6600,9177
2019-06-04 14:45:00,245.2450,245.5500,245.1400,245.5500,9704
2019-06-04 14:40:00,245.2600,245.2800,244.8700,245.2800,10837
2019-06-04 14:35:00,245.4000,245.4000,245.1100,245.2500,8692
2019-06-04 14:30:00,245.3700,245.4000,245.2000,245.4000,8664
2019-06-04 14:25:00,245.1350,245.3600,244.9600,245.3600,11082
2019-06-04 14:20:00,245.2400,245.2900,244.9900,245.1900,16110
2019-06-04 14:15:00,245.1567,245.3000,245.0500,245.2400,9580
2019-06-04 14:10:00,245.1900,245.3200,244.9400,245.0200,11315
2019-06-04 14:05:00,245.0500,245.3200,244.8800,245.2900,12692
2019-06-04 14:00:00,244.8050,245.0500,244.6600,245.0200,8162
2019-06-04 13:55:00,244.9200,245.0300,244.6500,244.7150,8708
2019-06-04 13:50:00,244.9200,245.2000,244.9200,245.0500,11692
2019-06-04 13:45:00,244.7650,245.0100,244.6800,244.8450,5649
2019-06-04 13:40:00,245.1100,245.1200,244.7000,244.8300,7247
2019-06-04 13:35:00,244.9400,245.1200,244.8400,245.0200,11510
2019-06-04 13:30:00,244.5300,244.8500,244.5300,244.8500,5338
2019-06-04 13:25:00,244.2400,244.5500,244.1700,244.5500,7380
2019-06-04 13:20:00,244.4500,244.5100,244.0600,244.2000,9222
2019-06-04 13:15:00,244.6800,244.8300,244.3700,244.5700,8449
2019-06-04 13:10:00,244.2600,244.6800,244.2600,244.6250,8040
2019-06-04 13:05:00,243.7500,244.2600,243.7400,244.1950,8091
2019-06-04 13:00:00,244.0100,244.3500,243.7700,243.8000,10867
2019-06-04 12:55:00,243.8300,244.0150,243.8200,244.0050,16111
2019-06-04 12:50:00,243.3100,243.7200,243.3100,243.7200,6953
2019-06-04 12:45:00,243.4550,243.5100,243.2000,243.3550,9836
2019-06-04 12:40:00,243.4100,243.6600,243.3000,243.4200,8161
2019-06-04 12:35:00,243.5000,243.5500,243.2500,243.3900,13402
2019-06-04 12:30:00,243.2400,243.7000,243.2300,243.5100,11361
2019-06-04 12:25:00,243.1250,243.3150,242.9400,243.3000,8892
2019-06-04 12:20:00,243.1300,243.1800,242.8800,243.1200,6958
2019-06-04 12:15:00,243.0700,243.3500,242.9000,243.1200,25922
2019-06-04 12:10:00,243.1200,243.3800,242.8400,243.0351,10757
2019-06-04 12:05:00,243.7600,243.8900,243.3000,243.3000,10664
2019-06-04 12:00:00,244.0000,244.0600,243.7600,243.8000,8869
2019-06-04 11:55:00,243.7323,244.2900,243.7200,243.9950,20508
2019-06-04 11:50:00,243.8500,243.9400,243.6900,243.7000,13929
2019-06-04 11:45:00,243.6000,243.8500,243.6000,243.8000,15004
2019-06-04 11:40:00,243.9300,243.9300,243.5600,243.6300,7559
2019-06-04 11:35:00,244.3050,244.4000,243.8000,243.9400,11714
2019-06-04 11:30:00,243.5450,244.4200,243.5200,244.3200,20801
2019-06-04 11:25:00,243.8000,243.8800,243.4300,243.5500,22227
2019-06-04 11:20:00,243.0000,243.7600,242.9900,243.7600,26619
2019-06-04 11:15:00,242.7200,243.0400,242.6650,242.9300,17053
2019-06-04 11:10:00,242.4100,243.0400,242.3100,242.6400,22658
2019-06-04 11:05:00,241.7500,242.6100,241.7400,242.4000,19168
2019-06-04 11:00:00,241.1400,241.8400,241.0900,241.7650,44779
2019-06-04 10:55:00,241.6800,241.9300,241.0700,241.1250,15424
2019-06-04 10:50:00,241.8900,241.9300,241.3800,241.6800,15126
2019-06-04 10:45:00,242.2350,242.5100,241.8600,241.9700,26832
2019-06-04 10:40:00,242.0600,242.3700,241.7800,242.2550,12370
2019-06-04 10:35:00,242.3450,242.6900,241.8100,242.0650,25105
2019-06-04 10:30:00,241.7200,242.6600,241.5400,242.3200,14166
2019-06-04 10:25:00,240.1200,241.7300,239.9600,241.7300,28548
2019-06-04 10:20:00,239.3200,240.3700,239.1600,240.3700,50482
2019-06-04 10:15:00,238.3300,239.2600,238.2900,239.2050,22947
2019-06-04 10:10:00,238.4400,238.8000,238.1500,238.2200,16324
2019-06-04 10:05:00,238.7400,238.8700,238.3650,238.3650,15054
2019-06-04 10:00:00,238.5800,239.4300,238.2950,238.9350,29124
2019-06-04 09:55:00,238.2300,239.2633,237.7800,238.4500,24803
2019-06-04 09:50:00,237.9900,239.2100,237.8000,237.8900,29995
2019-06-04 09:45:00,240.3200,240.5000,237.8700,237.9750,25043
2019-06-04 09:40:00,241.0800,241.7700,240.1700,240.1700,17366
2019-06-04 09:35:00,240.9300,241.5100,240.1400,240.9600,0
2019-06-03 16:00:00,238.5000,238.5600,237.8800,238.0500,108949
2019-06-03 15:55:00,237.8050,238.0000,237.3300,237.7700,42173
2019-06-03 15:50:00,237.5100,237.8900,237.1700,237.5500,34843
2019-06-03 15:45:00,236.8450,237.5650,236.8000,237.4400,41246
2019-06-03 15:40:00,236.9450,237.2900,236.7500,236.8400,23598
2019-06-03 15:35:00,237.2200,237.3000,236.8000,236.9200,28189
2019-06-03 15:30:00,237.6100,237.8200,236.8200,237.1900,23675
2019-06-03 15:25:00,237.7700,238.2300,237.5700,237.7900,20606
2019-06-03 15:20:00,237.9700,238.2300,237.5900,237.8100,21388
2019-06-03 15:15:00,237.5500,238.0200,237.1800,237.9700,13102
2019-06-03 15:10:00,237.6900,238.2300,237.6050,237.6100,17488
2019-06-03 15:05:00,238.7300,238.7300,237.5600,237.7100,16257
2019-06-03 15:00:00,238.4000,238.7000,238.3200,238.6000,12005
2019-06-03 14:55:00,238.6200,238.7000,238.2800,238.3400,10327
2019-06-03 14:50:00,238.9500,239.0000,238.4650,238.6600,10676
2019-06-03 14:45:00,238.8870,239.0824,238.5400,238.8000,9694
2019-06-03 14:40:00,239.1100,239.1600,238.5776,238.8100,14680
2019-06-03 14:35:00,239.3500,239.5500,238.9700,239.0250,23659
2019-06-03 14:30:00,239.4200,239.4200,238.9421,239.1250,21837
2019-06-03 14:25:00,239.3382,239.7225,239.3382,239.4100,23076
2019-06-03 14:20:00,239.9700,240.0000,239.3650,239.3650,14679
2019-06-03 14:15:00,240.6500,240.7000,239.9300,240.2275,21586
2019-06-03 14:10:00,240.7800,240.9700,240.5050,240.7000,19638
2019-06-03 14:05:00,240.8600,241.0200,240.6900,240.7500,17220
2019-06-03 14:00:00,239.8900,240.9200,239.8200,240.9050,18151
2019-06-03 13:55:00,240.2200,240.2200,239.9200,239.9200,12472
2019-06-03 13:50:00,240.5005,240.6400,240.1350,240.1900,8676
2019-06-03 13:45:00,240.0500,240.8428,240.0500,240.5350,9795
2019-06-03 13:40:00,240.7300,240.8100,240.0800,240.1100,11521
2019-06-03 13:35:00,241.3850,241.4900,240.4600,240.6200,14457
2019-06-03 13:30:00,241.2972,242.4100,241.1600,241.8000,16786
2019-06-03 13:25:00,241.3300,241.4200,240.7919,240.9550,14923
2019-06-03 13:20:00,241.5000,241.6600,241.2100,241.2200,6900
2019-06-03 13:15:00,241.5000,241.6300,241.3300,241.5800,9070
2019-06-03 13:10:00,241.3500,241.4100,241.0400,241.3450,9931
2019-06-03 13:05:00,241.3600,241.3800,240.8500,241.3200,14848
2019-06-03 13:00:00,241.7000,241.8699,241.3200,241.3200,8310
2019-06-03 12:55:00,242.0500,242.0500,241.5500,241.6000,10484
2019-06-03 12:50:00,242.0000,242.3900,241.8000,242.1300,24526
2019-06-03 12:45:00,242.8300,242.8300,241.8400,241.8400,16892
2019-06-03 12:40:00,242.8300,243.0700,242.4700,242.9100,23279
2019-06-03 12:35:00,243.3000,243.4900,242.7800,242.7800,11949
2019-06-03 12:30:00,243.3150,243.6600,243.1500,243.2800,7823
2019-06-03 12:25:00,243.8800,244.1300,243.2800,243.2800,11388
2019-06-03 12:20:00,244.1300,244.1300,243.7200,243.9600,7099
2019-06-03 12:15:00,244.3500,244.5300,244.0100,244.2300,12858
2019-06-03 12:10:00,244.8500,244.9600,244.1600,244.4100,15241
2019-06-03 12:05:00,244.9600,245.2100,244.7900,244.7900,12244
2019-06-03 12:00:00,245.0400,245.1000,244.8400,245.0200,11666
2019-06-03 11:55:00,245.3600,245.3600,245.0500,245.0800,12649
2019-06-03 11:50:00,245.4900,245.7700,245.1900,245.2401,8325
2019-06-03 11:45:00,245.5300,245.7100,245.1300,245.6000,15428
2019-06-03 11:40:00,245.9300,246.0300,245.4700,245.5500,9970
2019-06-03 11:35:00,245.9800,246.1995,245.7500,245.8900,5924
2019-06-03 11:30:00,246.4700,246.7400,246.2200,246.2400,14190
2019-06-03 11:25:00,245.7750,246.7000,245.6700,246.5700,35565
2019-06-03 11:20:00,245.7900,246.0000,245.5200,245.8294,15380
2019-06-03 11:15:00,245.6800,246.0000,245.6253,245.9400,11190
2019-06-03 11:10:00,246.2400,246.2400,245.6700,245.7700,19461
2019-06-03 11:05:00,245.8092,246.4300,245.8092,246.1300,14696
2019-06-03 11:00:00,245.5850,246.0050,245.5400,245.8900,11949
2019-06-03 10:55:00,245.5500,245.8900,245.4800,245.5800,15313
2019-06-03 10:50:00,246.0500,246.0500,245.4200,245.6100,16768
2019-06-03 10:45:00,245.9400,246.1900,245.6900,246.0500,14673
2019-06-03 10:40:00,245.7000,245.8600,245.4250,245.8600,15765
2019-06-03 10:35:00,245.8100,245.8650,245.4200,245.6700,17731
2019-06-03 10:30:00,245.4150,245.9200,245.2000,245.7444,14171
2019-06-03 10:25:00,244.8000,245.1700,244.4900,245.1700,20191
2019-06-03 10:20:00,244.5300,244.9500,243.9500,244.7900,18761
2019-06-03 10:15:00,244.1600,244.9250,244.1400,244.6475,22548
2019-06-03 10:10:00,243.6850,244.1000,243.0600,244.0600,21161
2019-06-03 10:05:00,244.0400,244.1900,242.8000,243.6600,36920
2019-06-03 10:00:00,244.5901,245.1500,244.2150,244.3800,16514
2019-06-03 09:55:00,245.1600,245.3900,244.5600,244.6100,15065
2019-06-03 09:50:00,246.7975,246.7975,244.8300,245.0500,24983
2019-06-03 09:45:00,247.0958,247.0958,246.1300,246.9650,8902
2019-06-03 09:40:00,247.7600,248.2950,245.9900,247.2000,19281
2019-06-03 09:35:00,245.2000,248.5581,244.8150,248.1000,32048
2019-05-31 16:00:00,244.9300,245.3000,244.7500,244.8400,101058
2019-05-31 15:55:00,244.8100,245.0400,244.7600,244.9800,43231
2019-05-31 15:50:00,244.0500,244.8400,244.0500,244.8300,29484
2019-05-31 15:45:00,244.1400,244.2000,243.9400,244.0700,16090
2019-05-31 15:40:00,244.4200,244.4200,244.0200,244.0850,16673
2019-05-31 15:35:00,244.7000,244.7500,244.3600,244.3600,13128
2019-05-31 15:30:00,244.7850,244.7900,244.4500,244.7500,15789
2019-05-31 15:25:00,245.2550,245.2600,244.7100,244.7900,13532
2019-05-31 15:20:00,245.5700,245.5700,245.2050,245.2600,7978
2019-05-31 15:15:00,245.3000,245.4850,245.2000,245.4850,9598
2019-05-31 15:10:00,245.2300,245.3300,245.1310,245.2600,7265
2019-05-31 15:05:00,245.5300,245.5500,245.1150,245.1750,11039
2019-05-31 15:00:00,245.5500,245.6200,245.4500,245.5300,9586
2019-05-31 14:55:00,245.6200,245.8200,245.5600,245.5600,13218
2019-05-31 14:50:00,245.8200,245.9900,245.6200,245.6200,9955
2019-05-31 14:45:00,245.4100,245.8100,245.2900,245.8100,11937
2019-05-31 14:40:00,245.2700,245.4300,245.2700,245.3600,7948
2019-05-31 14:35:00,245.1825,245.2800,245.1500,245.1946,6784
2019-05-31 14:30:00,245.4600,245.4600,245.1700,245.2600,11126
2019-05-31 14:25:00,245.2000,245.4630,245.0900,245.4350,7088
2019-05-31 14:20:00,245.4684,245.4684,245.1400,245.2400,6734
2019-05-31 14:15:00,245.7000,245.7000,245.3000,245.3000,8682
2019-05-31 14:10:00,245.6500,245.7300,245.5400,245.7300,6441
2019-05-31 14:05:00,245.7050,245.8100,245.6600,245.6800,12688
2019-05-31 14:00:00,245.4500,245.7600,245.4500,245.7100,6908
2019-05-31 13:55:00,245.6700,245.7700,245.3975,245.4050,6631
2019-05-31 13:50:00,245.7265,245.7800,245.6800,245.7350,3236
2019-05-31 13:45:00,245.7100,245.7300,245.6100,245.6950,6715
2019-05-31 13:40:00,245.6400,245.6900,245.5400,245.6400,4491
2019-05-31 13:35:00,245.3900,245.6200,245.3900,245.5650,5825
2019-05-31 13:30:00,245.4700,245.4900,245.1900,245.4900,6735
2019-05-31 13:25:00,245.4400,245.5100,245.4100,245.4500,2418
2019-05-31 13:20:00,245.4900,245.4900,245.2827,245.4100,5740
2019-05-31 13:15:00,245.1100,245.4700,245.0471,245.4700,6213
2019-05-31 13:10:00,244.9700,245.1400,244.9200,245.1400,5731
2019-05-31 13:05:00,245.1000,245.1000,244.9000,244.9100,3868
2019-05-31 13:00:00,245.3200,245.3200,244.9500,244.9700,5322
2019-05-31 12:55:00,245.3700,245.4600,245.3200,245.3950,3954
2019-05-31 12:50:00,245.1800,245.3600,245.1800,245.3100,4103
2019-05-31 12:45:00,245.3200,245.3400,245.1800,245.1800,2975
2019-05-31 12:40:00,245.4600,245.5400,245.1800,245.2650,5897
2019-05-31 12:35:00,245.3700,245.4200,245.2200,245.4200,5247
2019-05-31 12:30:00,245.3650,245.4800,245.3000,245.4200,7710
2019-05-31 12:25:00,245.6900,245.6900,245.3150,245.3150,5799
2019-05-31 12:20:00,245.8200,245.8200,245.5700,245.6740,6033
2019-05-31 12:15:00,245.8900,245.9600,245.5100,245.7500,9230
2019-05-31 12:10:00,246.0517,246.1400,245.9000,245.9450,7370
2019-05-31 12:05:00,246.1950,246.2050,246.0300,246.0300,8054
2019-05-31 12:00:00,246.0900,246.2200,245.9500,246.2000,9237
2019-05-31 11:55:00,246.4056,246.5000,246.0800,246.0900,7511
2019-05-31 11:50:00,246.1900,246.4100,246.1600,246.4100,6360
2019-05-31 11:45:00,246.0500,246.2400,246.0100,246.2400,5662
2019-05-31 11:40:00,246.2800,246.2800,245.8850,245.9500,5693
2019-05-31 11:35:00,246.6100,246.6300,246.1650,246.1900,7568
2019-05-31 11:30:00,246.4250,246.6600,246.3400,246.6200,8446
2019-05-31 11:25:00,246.2700,246.5000,246.2200,246.4200,7015
2019-05-31 11:20:00,246.0300,246.3700,245.9400,246.2300,8477
2019-05-31 11:15:00,245.9300,246.1400,245.8700,246.0000,6353
2019-05-31 11:10:00,245.7400,246.0400,245.5300,246.0400,8591
2019-05-31 11:05:00,245.5600,245.9000,245.4500,245.6670,10853
2019-05-31 11:00:00,245.5100,245.8300,245.4500,245.6400,25609
2019-05-31 10:55:00,245.5400,245.9100,245.5400,245.5700,8750
2019-05-31 10:50:00,244.7200,245.3900,244.6900,245.3900,7397
2019-05-31 10:45:00,245.0200,245.0750,244.4700,244.8500,8999
2019-05-31 10:40:00,245.0800,245.1800,244.9800,244.9900,10328
2019-05-31 10:35:00,244.7700,245.1700,244.4400,245.1350,11999
2019-05-31 10:30:00,244.6000,244.8200,244.6000,244.7750,3559
2019-05-31 10:25:00,244.1900,245.0000,244.1300,244.6900,5979
2019-05-31 10:20:00,244.4500,244.5562,244.1000,244.3950,6086
2019-05-31 10:15:00,244.3300,244.4200,243.8700,243.9300,6517
2019-05-31 10:10:00,243.7900,244.3900,243.6100,244.3100,10875
2019-05-31 10:05:00,244.1200,244.2000,243.5900,243.6070,14101
2019-05-31 10:00:00,244.4400,244.4900,244.0100,244.2200,13682
2019-05-31 09:55:00,244.7500,244.7500,243.7600,244.3900,17308
2019-05-31 09:50:00,244.8000,244.9600,244.6300,244.8500,8009
2019-05-31 09:45:00,245.1600,245.1700,244.5850,244.7100,14006
2019-05-31 09:40:00,244.9700,245.6300,244.8100,244.9900,11372
2019-05-31 09:35:00,245.5000,246.1600,244.3900,245.2150,36437
2019-05-30 16:00:00,247.9200,248.2600,247.7100,248.0400,83549
2019-05-30 15:55:00,247.7600,247.8300,247.5550,247.5700,34645
2019-05-30 15:50:00,247.4900,247.8300,247.3900,247.7800,21846
2019-05-30 15:45:00,247.4700,247.6200,247.4500,247.4500,21710
2019-05-30 15:40:00,247.2500,247.7400,247.2300,247.4700,30977
2019-05-30 15:35:00,247.1900,247.3000,246.9700,247.2400,21090
2019-05-30 15:30:00,246.9450,247.3300,246.8700,247.2000,26518
2019-05-30 15:25:00,246.7600,247.0000,246.7454,246.9400,11273
2019-05-30 15:20:00,246.6100,246.9250,246.5200,246.7750,16057
2019-05-30 15:15:00,246.4700,246.7350,246.4091,246.7350,7376
2019-05-30 15:10:00,246.5200,246.6700,246.2000,246.4500,15119
2019-05-30 15:05:00,246.8200,246.8200,246.4900,246.5425,12383
2019-05-30 15:00:00,246.2900,246.8000,246.2900,246.8000,16533
2019-05-30 14:55:00,246.4000,246.4500,245.9900,246.3100,19621
2019-05-30 14:50:00,245.9400,246.3850,245.8700,246.3850,16989
2019-05-30 14:45:00,246.0900,246.3200,245.8600,246.0400,12756
2019-05-30 14:40:00,246.3959,246.4000,246.0800,246.1500,10337
2019-05-30 14:35:00,246.4300,246.5000,246.2700,246.4200,15942
2019-05-30 14:30:00,246.7900,246.8400,246.4500,246.4800,13174
2019-05-30 14:25:00,246.9600,247.0000,246.6500,246.8850,10181
2019-05-30 14:20:00,247.0350,247.0600,246.8200,246.9900,8638
2019-05-30 14:15:00,247.0550,247.2600,247.0200,247.0350,21898
2019-05-30 14:10:00,247.4600,247.4600,247.0000,247.0600,15863
2019-05-30 14:05:00,247.3300,247.5000,247.3000,247.5000,7544
2019-05-30 14:00:00,247.4000,247.5000,247.3400,247.3700,10828
2019-05-30 13:55:00,247.4000,247.4600,247.3000,247.3808,7635
2019-05-30 13:50:00,247.3900,247.5650,247.3400,247.4300,3924
2019-05-30 13:45:00,247.5400,247.7350,247.2700,247.2700,5357
2019-05-30 13:40:00,247.6100,247.6500,247.3600,247.5600,4569
2019-05-30 13:35:00,247.7300,247.7950,247.5341,247.6100,6482
2019-05-30 13:30:00,247.7500,247.7900,247.3500,247.7900,9921
2019-05-30 13:25:00,248.0150,248.1300,247.7200,247.8550,5494
2019-05-30 13:20:00,248.1900,248.1900,247.9300,248.0200,5090
2019-05-30 13:15:00,248.2400,248.2900,248.1800,248.2000,2993
2019-05-30 13:10:00,248.1900,248.2200,248.0500,248.0700,7868
2019-05-30 13:05:00,248.3200,248.3200,248.1000,248.1900,5846
2019-05-30 13:00:00,248.5600,248.5600,248.3200,248.3200,7257
2019-05-30 12:55:00,248.5800,248.6000,248.4200,248.4600,3891
2019-05-30 12:50:00,248.5700,248.6150,248.4300,248.5000,5587
2019-05-30 12:45:00,248.2600,248.6600,248.2600,248.6008,6326
2019-05-30 12:40:00,247.8900,248.3700,247.7700,248.2600,8914
2019-05-30 12:35:00,247.8650,248.1000,247.7200,247.8200,8121
2019-05-30 12:30:00,247.7100,247.9100,247.5056,247.8400,9557
2019-05-30 12:25:00,247.1700,247.7566,247.1700,247.7500,9109
2019-05-30 12:20:00,247.5300,247.6500,247.2100,247.2100,8429
2019-05-30 12:15:00,247.3500,247.6300,247.2400,247.5300,10309
2019-05-30 12:10:00,247.4900,247.6200,247.4800,247.4800,7217
2019-05-30 12:05:00,247.7250,247.8000,247.1800,247.5600,16263
2019-05-30 12:00:00,247.4703,247.9450,247.2550,247.6700,22095
2019-05-30 11:55:00,247.6600,247.7100,247.3000,247.4200,12560
2019-05-30 11:50:00,247.5950,247.7200,247.4100,247.6600,12131
2019-05-30 11:45:00,247.7400,248.1400,247.5700,247.5700,12192
2019-05-30 11:40:00,248.0500,248.0700,247.7100,247.7100,15374
2019-05-30 11:35:00,248.4600,248.4700,247.9100,248.0000,12654
2019-05-30 11:30:00,248.5400,248.6600,248.3250,248.3250,8964
2019-05-30 11:25:00,248.9550,249.0800,248.4600,248.5300,14966
2019-05-30 11:20:00,248.6200,249.0700,248.6200,248.9500,19117
2019-05-30 11:15:00,248.6400,248.7700,248.4000,248.5900,11231
2019-05-30 11:10:00,248.9600,248.9700,248.4900,248.6450,14225
2019-05-30 11:05:00,248.9000,249.2300,248.6600,248.9900,7632
2019-05-30 11:00:00,248.6500,249.1000,248.6250,248.9850,9359
2019-05-30 10:55:00,249.1200,249.3000,248.5900,248.7600,12426
2019-05-30 10:50:00,248.9500,249.4150,248.8050,249.1200,15309
2019-05-30 10:45:00,249.3800,249.3800,248.8250,248.9283,13791
2019-05-30 10:40:00,250.0100,250.1700,249.3200,249.3750,20724
2019-05-30 10:35:00,249.7900,250.2000,249.7900,250.1800,10364
2019-05-30 10:30:00,249.8300,250.1100,249.6750,249.7900,7382
2019-05-30 10:25:00,250.1500,250.1500,249.7000,249.7000,5268
2019-05-30 10:20:00,250.1300,250.2800,249.9900,250.0600,8913
2019-05-30 10:15:00,249.8200,250.0000,249.6600,249.9700,7361
2019-05-30 10:10:00,250.2100,250.2100,249.6400,249.7400,9622
2019-05-30 10:05:00,250.5101,250.7600,250.0200,250.3011,10598
2019-05-30 10:00:00,250.9100,251.0400,250.7100,250.7200,11380
2019-05-30 09:55:00,251.3300,251.4900,250.8600,250.8600,6660
2019-05-30 09:50:00,250.2000,251.2300,250.0550,251.1800,19528
2019-05-30 09:45:00,250.6000,250.7600,249.8200,250.1600,8787
2019-05-30 09:40:00,250.7400,250.9100,250.4700,250.5800,14660
2019-05-30 09:35:00,250.0500,251.1300,250.0400,250.7250,30125
2019-05-29 16:00:00,249.1200,249.8500,249.1200,249.6200,124546
2019-05-29 15:55:00,249.4600,249.4600,248.5800,249.0300,54638
2019-05-29 15:50:00,250.2300,250.2300,249.3600,249.3600,38307
2019-05-29 15:45:00,250.4200,250.6100,250.2500,250.2500,27422
2019-05-29 15:40:00,250.4550,250.5500,250.1700,250.3001,32332
2019-05-29 15:35:00,250.0600,250.4900,249.7800,250.4450,19954
2019-05-29 15:30:00,250.3050,250.3400,250.0000,250.1000,10865
2019-05-29 15:25:00,250.0900,250.4700,249.8500,250.3000,17442
2019-05-29 15:20:00,250.4300,250.4500,250.0600,250.0900,14329
2019-05-29 15:15:00,250.2950,250.5400,250.2100,250.4050,17770
2019-05-29 15:10:00,250.5700,250.7800,250.2863,250.3890,12453
2019-05-29 15:05:00,251.0400,251.0400,250.4300,250.5800,11678
2019-05-29 15:00:00,250.9100,251.4000,250.8900,251.1850,7553
2019-05-29 14:55:00,251.0600,251.0600,250.7600,250.9900,6893
2019-05-29 14:50:00,251.0100,251.1966,250.9400,251.1194,7242
2019-05-29 14:45:00,251.1800,251.1800,250.7500,250.8100,4664
2019-05-29 14:40:00,251.6100,251.6300,251.1700,251.2900,6829
2019-05-29 14:35:00,252.2200,252.2200,251.6800,251.6930,3724
2019-05-29 14:30:00,252.2000,252.3900,252.1300,252.3900,6533
2019-05-29 14:25:00,252.4500,252.4850,252.2400,252.2650,8316
2019-05-29 14:20:00,252.5900,252.5900,252.3600,252.4880,5890
2019-05-29 14:15:00,252.7600,252.9600,252.5100,252.5100,5400
2019-05-29 14:10:00,253.1100,253.2800,253.0300,253.0600,3879
2019-05-29 14:05:00,253.2300,253.3400,253.0900,253.2400,5921
2019-05-29 14:00:00,253.1800,253.3500,253.1700,253.1900,4680
2019-05-29 13:55:00,253.6900,253.6900,253.1040,253.1040,6977
2019-05-29 13:50:00,253.2200,253.6800,253.2200,253.6800,6793
2019-05-29 13:45:00,253.2400,253.5900,253.1100,253.2200,7310
2019-05-29 13:40:00,253.0600,253.2400,253.0382,253.0700,12627
2019-05-29 13:35:00,253.0100,253.1100,252.8800,253.1100,3385
2019-05-29 13:30:00,253.1300,253.1500,252.9200,253.1500,7921
2019-05-29 13:25:00,253.1100,253.1400,252.8900,253.0800,7992
2019-05-29 13:20:00,253.4500,253.4500,252.9350,253.1100,9108
2019-05-29 13:15:00,253.3200,253.5700,253.2300,253.3500,9280
2019-05-29 13:10:00,252.2000,253.1300,252.1400,253.1300,11605
2019-05-29 13:05:00,252.3600,252.3800,251.9700,252.2100,10191
2019-05-29 13:00:00,252.6200,252.7300,252.1700,252.4800,9959
2019-05-29 12:55:00,252.4913,252.7550,252.2700,252.6600,11584
2019-05-29 12:50:00,252.3900,252.6000,252.2800,252.5400,8860
2019-05-29 12:45:00,252.4000,252.4900,252.2200,252.4800,9764
2019-05-29 12:40:00,252.5400,252.6400,252.2200,252.4600,11262
2019-05-29 12:35:00,252.5200,252.6000,252.2100,252.5700,7607
2019-05-29 12:30:00,251.7900,252.4150,251.7800,252.4150,17064
2019-05-29 12:25:00,251.8900,252.0300,251.6100,251.6900,10525
2019-05-29 12:20:00,251.4400,251.9300,251.1400,251.7200,23581
2019-05-29 12:15:00,251.8400,251.8500,251.2800,251.3400,16262
2019-05-29 12:10:00,251.5400,251.9000,251.5400,251.9000,18810
2019-05-29 12:05:00,251.3350,251.4800,251.2300,251.4200,9634
2019-05-29 12:00:00,251.4750,251.8200,251.2700,251.6000,9847
2019-05-29 11:55:00,252.1850,252.2100,251.3950,251.3950,11692
2019-05-29 11:50:00,252.3079,252.4000,252.0900,252.1000,10655
2019-05-29 11:45:00,252.3300,252.3850,251.9000,252.2300,19754
2019-05-29 11:40:00,252.7000,252.8600,252.3600,252.3900,22093
2019-05-29 11:35:00,252.8600,253.0800,252.6600,252.6600,12371
2019-05-29 11:30:00,252.8900,253.2000,252.8400,252.8700,9322
2019-05-29 11:25:00,253.7400,253.7800,252.8000,253.0500,18165
2019-05-29 11:20:00,253.0900,253.7600,252.9300,253.7000,22996
2019-05-29 11:15:00,253.3100,253.3900,252.8460,253.0300,25503
2019-05-29 11:10:00,253.5100,253.8300,253.1500,253.3650,22698
2019-05-29 11:05:00,253.5900,253.6800,253.3300,253.5700,18449
2019-05-29 11:00:00,253.9150,254.0700,253.5500,253.6800,15959
2019-05-29 10:55:00,254.2900,254.2900,253.6600,253.8500,18701
2019-05-29 10:50:00,254.1000,254.4200,254.1000,254.2600,15587
2019-05-29 10:45:00,254.1850,254.4600,253.9300,254.1350,10671
2019-05-29 10:40:00,254.9300,255.0600,254.2250,254.2250,37158
2019-05-29 10:35:00,255.1300,255.2400,254.9300,254.9800,30955
2019-05-29 10:30:00,255.0000,255.3900,254.9100,255.3900,31085
2019-05-29 10:25:00,255.5700,255.5700,254.9100,255.0150,18629
2019-05-29 10:20:00,255.1500,255.5700,255.0500,255.4148,8659
2019-05-29 10:15:00,254.6450,255.1296,254.5200,255.1296,13989
2019-05-29 10:10:00,254.3000,254.6300,253.9450,254.5700,19293
2019-05-29 10:05:00,254.7400,255.0650,253.8900,254.5900,16862
2019-05-29 10:00:00,254.0000,254.8853,253.7650,254.8450,14902
2019-05-29 09:55:00,254.0100,254.3700,253.8500,254.0000,35133
2019-05-29 09:50:00,253.7800,254.5100,253.7700,254.0300,24034
2019-05-29 09:45:00,254.0300,254.2600,253.1200,253.9400,38207
2019-05-29 09:40:00,254.2700,254.4450,253.2500,254.1600,36747
2019-05-29 09:35:00,253.9600,254.1600,252.2500,254.1600,0
